uf20-01000 86428 -1 2 3 -4 5 6 7 8 9 10 -11 12 13 14 -15 16 -17 18 19 -20 0
uf20-0100 104530 1 2 3 4 5 -6 -7 8 9 10 11 12 13 14 15 16 -17 -18 19 20 0
uf20-0101 92845 1 2 3 4 -5 6 -7 8 -9 10 11 -12 -13 14 15 16 17 18 19 20 0
uf20-0102 79333 -1 2 3 4 -5 6 7 -8 9 10 -11 12 13 14 15 16 17 -18 -19 -20 0
uf20-0103 105260 -1 2 3 4 5 6 -7 8 9 10 11 12 13 -14 15 16 -17 18 19 -20 0
uf20-0104 96748 1 2 3 4 5 -6 7 8 9 -10 11 12 13 -14 15 16 17 -18 -19 20 0
uf20-0105 117490 1 2 3 4 5 6 7 -8 9 10 11 12 -13 -14 15 16 17 18 19 20 0
uf20-0106 121641 -1 2 3 4 5 6 7 8 9 10 11 12 13 14 15 16 -17 18 19 20 0
uf20-0107 103038 1 -2 3 4 5 6 7 8 9 10 11 12 -13 14 -15 16 17 18 19 -20 0
uf20-0108 148093 1 2 3 4 5 6 7 8 9 10 11 -12 13 14 15 16 17 18 19 20 0
uf20-0109 73668 1 -2 3 -4 5 6 7 -8 9 10 11 -12 13 14 15 -16 -17 18 19 -20 0
uf20-010 130165 -1 2 3 4 5 6 7 8 9 10 11 12 13 14 15 16 -17 18 19 20 0
uf20-0110 101345 1 -2 3 -4 5 6 7 8 9 -10 11 12 13 14 15 16 17 18 19 -20 0
uf20-0111 121101 1 2 3 4 5 -6 7 8 9 10 -11 12 13 14 15 16 17 -18 19 20 0
uf20-0112 113760 -1 2 3 4 5 6 7 8 -9 10 11 12 13 14 15 16 17 18 -19 20 0
uf20-0113 114908 -1 -2 3 4 5 6 7 8 9 10 11 -12 13 14 15 16 17 18 19 20 0
uf20-0114 134138 1 2 3 4 5 6 7 -8 9 -10 11 12 13 14 15 16 17 18 19 20 0
uf20-0115 85488 1 -2 -3 4 5 -6 -7 -8 9 10 11 12 13 14 15 16 17 18 -19 20 0
uf20-0116 95354 1 2 3 4 -5 6 7 8 9 -10 11 12 13 14 -15 16 17 -18 -19 -20 0
uf20-0117 117831 1 -2 -3 4 5 6 7 8 -9 10 11 12 13 14 15 16 17 18 19 20 0
uf20-0118 119175 1 -2 -3 4 5 -6 7 8 9 10 11 12 13 14 15 16 17 18 19 20 0
uf20-0119 122775 1 2 3 4 5 6 7 8 -9 10 11 -12 13 14 15 16 17 18 19 -20 0
uf20-011 119180 1 2 3 4 5 6 7 -8 -9 -10 -11 12 13 14 15 16 17 18 19 20 0
uf20-0120 103820 1 -2 -3 4 5 6 7 8 9 10 11 12 -13 -14 15 16 17 18 19 -20 0
uf20-0121 120333 1 -2 3 4 -5 6 7 8 9 10 11 12 13 -14 15 16 17 18 19 20 0
uf20-0122 110389 1 2 3 4 5 6 7 -8 9 10 11 12 -13 14 -15 16 17 18 19 -20 0
uf20-0123 119800 1 2 3 4 5 -6 7 8 9 10 -11 12 13 14 15 16 17 18 -19 20 0
uf20-0124 120542 1 2 3 4 5 6 7 8 9 -10 11 12 13 14 15 -16 17 -18 19 20 0
uf20-0125 127398 1 2 3 4 5 6 7 8 -9 10 11 12 13 14 -15 16 17 18 19 20 0
uf20-0126 124323 1 2 3 4 5 6 7 8 9 10 11 12 -13 14 15 -16 17 18 -19 20 0
uf20-0127 100110 1 2 3 -4 5 6 -7 8 9 10 11 12 13 14 15 -16 17 18 -19 20 0
uf20-0128 113833 1 -2 3 4 5 6 7 8 -9 10 11 12 13 14 15 16 -17 18 19 -20 0
uf20-0129 67695 1 -2 3 4 5 6 7 8 9 10 -11 12 -13 14 -15 -16 17 -18 19 20 0
uf20-012 75557 1 -2 3 -4 -5 6 7 8 9 -10 -11 12 13 14 15 -16 17 18 19 -20 0
uf20-0130 86175 1 -2 3 4 5 -6 7 8 9 10 11 12 13 -14 -15 16 -17 18 19 -20 0
uf20-0131 141274 1 2 3 4 5 -6 7 8 9 10 11 12 13 14 15 16 17 18 19 20 0
uf20-0132 118365 1 2 3 4 5 6 7 8 9 10 11 12 -13 14 -15 -16 17 18 19 20 0
uf20-0133 140588 1 -2 3 4 5 6 7 -8 9 10 11 12 13 14 15 16 17 18 19 20 0
uf20-0134 95720 1 2 -3 4 5 6 7 8 -9 10 11 12 13 14 -15 16 17 18 -19 -20 0
uf20-0135 98113 1 2 3 4 -5 6 7 -8 9 10 -11 12 13 14 -15 16 -17 18 19 20 0
uf20-0136 117299 1 2 3 -4 5 6 7 -8 -9 10 11 12 13 14 15 16 17 18 19 20 0
uf20-0137 75351 -1 2 3 4 -5 -6 7 8 9 10 -11 -12 13 14 -15 16 17 18 19 -20 0
uf20-0138 113138 -1 -2 3 4 5 6 7 8 9 10 11 12 13 -14 15 16 17 18 -19 20 0
uf20-0139 85845 -1 -2 3 -4 5 6 7 -8 9 10 11 12 13 -14 15 16 17 18 19 20 0
uf20-013 94338 1 2 3 4 5 6 7 8 9 -10 -11 12 -13 14 15 -16 17 -18 -19 20 0
uf20-0140 130766 1 2 3 -4 5 6 7 8 9 10 11 12 13 -14 15 16 17 18 19 20 0
uf20-0141 102826 1 2 3 -4 5 6 7 -8 9 10 11 12 13 14 15 16 17 -18 -19 20 0
uf20-0142 99652 1 2 3 -4 -5 -6 7 8 -9 -10 11 12 13 14 15 16 17 18 19 20 0
uf20-0143 114900 1 2 3 4 5 6 7 8 -9 10 11 12 -13 14 15 16 17 -18 19 20 0
uf20-0144 69842 -1 -2 3 -4 -5 6 7 -8 9 10 11 12 13 14 -15 16 17 -18 -19 20 0
uf20-0145 113903 1 2 3 -4 5 6 7 8 9 10 -11 12 13 14 15 -16 17 18 -19 20 0
uf20-0146 112757 1 2 3 -4 5 6 7 8 -9 10 11 12 13 -14 15 16 17 18 19 -20 0
uf20-0147 94540 1 2 3 -4 5 -6 7 8 -9 10 11 12 13 14 -15 16 17 -18 19 -20 0
uf20-0148 119793 1 2 -3 4 5 6 7 -8 -9 10 11 12 13 -14 15 16 17 18 19 20 0
uf20-0149 99680 1 2 -3 4 5 6 -7 8 9 -10 -11 12 13 14 15 16 17 18 19 20 0
uf20-014 103977 1 -2 3 4 5 6 -7 8 -9 10 11 12 13 14 15 16 17 18 19 -20 0
uf20-0150 94254 1 2 3 4 -5 -6 -7 8 -9 10 11 12 -13 14 15 16 17 18 19 20 0
uf20-0151 121038 1 2 3 4 5 6 7 8 9 10 11 12 13 14 15 16 -17 18 -19 20 0
uf20-0152 82752 1 2 3 4 5 6 7 -8 -9 10 -11 12 13 14 -15 16 17 -18 -19 -20 0
uf20-0153 84950 1 2 3 -4 5 6 7 8 9 10 -11 -12 13 14 15 -16 17 18 -19 -20 0
uf20-0154 124542 1 -2 3 4 5 6 7 8 9 10 -11 12 13 14 15 -16 17 18 19 20 0
uf20-0155 123708 1 2 3 4 5 6 -7 8 9 10 11 12 -13 14 15 16 -17 18 19 20 0
uf20-0156 86606 1 2 -3 4 5 -6 7 8 9 10 11 12 13 -14 -15 -16 17 -18 19 20 0
uf20-0157 84551 -1 2 3 4 -5 6 7 8 9 10 11 12 -13 14 -15 16 17 -18 -19 20 0
uf20-0158 99619 1 2 3 4 5 6 -7 8 9 10 11 12 13 14 -15 16 17 -18 19 -20 0
uf20-0159 113501 1 2 -3 4 5 6 -7 8 9 10 11 -12 13 14 15 16 17 18 19 20 0
uf20-015 86300 -1 2 3 4 5 6 7 8 9 10 11 -12 13 14 15 -16 -17 18 19 -20 0
uf20-0160 134055 1 2 3 4 -5 6 7 8 9 10 11 12 13 14 15 16 17 18 19 20 0
uf20-0161 106328 1 -2 -3 4 5 6 7 8 9 10 11 12 13 14 15 16 -17 18 -19 20 0
uf20-0162 110046 1 2 -3 4 5 6 7 -8 9 10 11 12 -13 14 15 16 17 18 19 -20 0
uf20-0163 121687 1 2 3 4 -5 6 7 8 9 -10 11 12 13 14 15 16 17 18 19 20 0
uf20-0164 89205 1 -2 3 4 5 6 7 8 9 10 11 12 13 -14 15 -16 17 -18 -19 20 0
uf20-0165 128587 1 2 3 4 5 6 7 8 9 10 -11 -12 13 14 15 16 17 18 19 -20 0
uf20-0166 102061 1 2 3 4 -5 6 7 8 9 10 -11 12 -13 14 -15 16 17 18 19 20 0
uf20-0167 113049 1 2 3 4 -5 6 7 8 9 10 11 12 13 14 15 16 -17 -18 19 20 0
uf20-0168 99042 1 2 3 -4 5 6 -7 8 9 -10 11 12 -13 14 15 16 17 18 -19 -20 0
uf20-0169 81155 -1 2 3 4 5 6 7 8 9 10 11 -12 13 14 -15 16 17 -18 -19 -20 0
uf20-016 108808 1 2 -3 4 5 6 -7 8 9 10 11 12 13 14 15 -16 -17 18 19 20 0
uf20-0170 116825 1 2 3 4 5 6 7 8 9 -10 11 12 13 14 -15 16 17 18 19 -20 0
uf20-0171 125647 1 2 3 4 5 6 7 8 9 10 11 12 13 14 15 16 -17 18 -19 20 0
uf20-0172 105878 -1 2 3 -4 -5 6 7 8 -9 10 11 12 13 14 15 16 17 18 19 20 0
uf20-0173 106127 1 2 3 4 -5 6 7 8 9 10 -11 -12 13 14 15 -16 -17 18 19 20 0
uf20-0174 108594 -1 -2 3 4 5 6 7 8 -9 10 -11 12 13 14 -15 16 17 18 19 20 0
uf20-0175 96352 1 2 3 -4 -5 6 -7 8 9 10 11 12 13 14 -15 16 -17 18 19 20 0
uf20-0176 71164 1 -2 -3 4 5 6 -7 8 9 -10 -11 12 13 14 15 16 -17 18 -19 20 0
uf20-0177 109561 -1 2 3 4 5 6 7 8 9 10 11 12 -13 14 15 16 17 -18 -19 20 0
uf20-0178 97795 1 -2 3 4 5 -6 7 8 9 10 11 -12 -13 14 15 16 17 -18 19 20 0
uf20-0179 131481 1 2 3 4 5 6 7 8 9 10 -11 12 13 -14 15 16 17 18 19 20 0
uf20-017 127989 1 2 3 4 5 6 7 8 9 10 11 12 -13 14 15 16 -17 18 19 20 0
uf20-0180 110400 1 2 3 4 -5 6 7 8 -9 10 11 12 13 -14 15 16 -17 18 19 -20 0
uf20-0181 107941 -1 2 3 4 5 6 7 -8 9 10 -11 12 13 14 15 16 -17 18 19 20 0
uf20-0182 94608 -1 2 3 4 5 6 -7 8 -9 10 11 -12 13 14 15 16 -17 18 19 20 0
uf20-0183 76742 1 2 3 -4 5 6 7 8 -9 10 -11 12 -13 14 15 -16 -17 18 -19 -20 0
uf20-0184 102192 -1 2 3 4 5 6 7 -8 -9 10 11 12 -13 14 15 16 17 18 19 -20 0
uf20-0185 99533 1 2 -3 4 5 6 7 -8 9 -10 11 -12 -13 14 15 16 17 18 19 20 0
uf20-0186 122611 -1 2 3 4 5 6 7 8 9 -10 11 12 13 14 15 16 17 18 19 20 0
uf20-0187 86851 1 2 3 -4 -5 6 7 8 9 -10 11 12 -13 14 15 16 17 -18 19 20 0
uf20-0188 93998 1 2 3 4 5 -6 7 8 9 -10 11 12 13 14 15 -16 17 18 -19 -20 0
uf20-0189 103159 1 2 3 4 5 -6 7 -8 9 10 11 -12 13 -14 15 16 17 18 19 -20 0
uf20-018 113078 1 2 3 -4 5 -6 -7 -8 9 10 11 12 13 14 15 16 17 18 19 20 0
uf20-0190 123957 1 2 3 4 5 6 7 8 -9 10 11 12 13 14 15 16 17 18 19 -20 0
uf20-0191 113257 1 2 3 4 -5 6 -7 8 9 10 11 -12 13 14 15 16 17 18 19 20 0
uf20-0192 86598 -1 2 -3 4 5 -6 7 8 9 10 -11 12 13 14 -15 16 17 18 -19 20 0
uf20-0193 107918 1 2 3 4 -5 -6 7 -8 9 -10 11 12 -13 14 15 16 17 18 -19 20 0
uf20-0194 145998 1 2 -3 -4 5 6 7 8 9 10 -11 12 13 14 15 16 17 18 -19 20 0
uf20-0195 147202 1 2 3 4 5 -6 7 8 9 10 -11 -12 13 14 15 16 17 18 19 20 0
uf20-0196 139012 1 2 3 4 5 -6 7 8 -9 10 11 12 13 14 15 16 17 -18 19 20 0
uf20-0197 104393 1 2 3 -4 -5 -6 7 8 -9 10 -11 12 13 14 15 -16 -17 18 19 20 0
uf20-0198 145999 1 2 3 4 5 -6 7 8 -9 10 11 12 13 -14 15 16 17 18 19 -20 0
uf20-0199 172334 1 2 3 -4 5 6 7 8 -9 10 11 12 13 14 15 16 17 18 19 20 0
uf20-019 144285 -1 -2 3 4 5 6 7 8 9 10 11 12 13 14 -15 16 17 18 19 -20 0
uf20-01 141661 1 -2 3 4 -5 6 7 8 9 10 11 12 13 14 -15 16 17 18 19 20 0
uf20-0200 96647 1 -2 3 -4 5 6 -7 8 -9 -10 -11 12 13 14 15 -16 17 18 19 20 0
uf20-0201 114715 1 2 3 4 5 -6 7 -8 -9 10 11 -12 13 14 -15 16 17 18 -19 20 0
uf20-0202 135116 1 2 3 4 5 6 -7 -8 9 10 11 12 13 14 -15 16 17 18 19 20 0
uf20-0203 136165 1 -2 -3 4 5 6 7 8 9 10 11 12 13 14 15 -16 -17 18 19 20 0
uf20-0204 123134 -1 2 3 4 5 6 7 -8 9 10 11 -12 13 14 15 16 -17 18 19 -20 0
uf20-0205 106664 -1 2 3 4 -5 6 7 -8 9 -10 11 12 13 14 15 16 17 18 -19 -20 0
uf20-0206 170640 1 2 3 4 5 6 7 8 -9 10 11 12 13 14 15 -16 17 18 19 20 0
uf20-0207 127319 1 2 3 4 5 -6 7 8 9 -10 11 12 13 14 15 -16 -17 -18 19 20 0
uf20-0208 157224 1 2 -3 4 5 6 -7 8 9 10 11 12 13 14 -15 16 17 18 19 20 0
uf20-0209 172085 1 2 3 4 -5 6 7 8 9 10 11 12 -13 14 15 16 17 18 19 20 0
uf20-020 146811 1 2 3 4 5 6 7 8 -9 -10 11 -12 13 14 15 16 17 18 -19 20 0
uf20-0210 91822 1 2 -3 4 -5 6 7 8 9 10 -11 12 13 14 15 -16 -17 -18 19 -20 0
uf20-0211 137957 1 2 3 4 5 6 7 8 -9 -10 11 12 13 -14 -15 16 17 18 19 20 0
uf20-0212 140011 1 2 3 4 -5 6 7 8 -9 10 11 12 13 14 15 16 17 18 -19 -20 0
uf20-0213 123306 1 2 3 -4 5 6 -7 8 9 -10 11 12 13 -14 15 16 17 18 19 -20 0
uf20-0214 142275 1 2 3 4 5 6 7 8 9 10 11 -12 -13 14 15 -16 17 -18 -19 20 0
uf20-0215 146303 1 -2 3 4 5 6 7 -8 -9 10 11 12 13 14 15 16 17 18 19 20 0
uf20-0216 97278 1 -2 -3 4 -5 -6 -7 8 9 10 -11 12 13 14 15 -16 17 18 19 20 0
uf20-0217 144462 1 -2 3 4 5 6 7 8 9 -10 11 -12 13 14 15 16 -17 18 19 20 0
uf20-0218 120895 1 -2 3 4 5 6 7 8 9 10 -11 12 13 14 -15 -16 17 18 19 -20 0
uf20-0219 119751 1 2 3 4 5 6 -7 -8 9 10 11 -12 -13 14 15 16 17 18 -19 20 0
uf20-021 137622 1 2 3 -4 -5 6 7 8 9 -10 11 12 13 14 15 16 17 18 19 -20 0
uf20-0220 110001 1 2 3 4 5 6 7 -8 -9 -10 11 -12 13 14 15 -16 17 -18 19 20 0
uf20-0221 150125 -1 2 3 4 5 -6 7 8 9 -10 11 12 13 14 15 16 17 18 19 20 0
uf20-0222 178091 1 2 3 4 5 6 7 8 9 10 11 12 13 14 15 16 -17 -18 19 20 0
uf20-0223 161235 -1 2 3 4 5 6 7 8 9 10 -11 -12 13 14 15 16 17 18 19 20 0
uf20-0224 131120 -1 2 -3 4 5 6 7 8 9 -10 11 12 13 -14 -15 16 17 18 19 20 0
uf20-0225 119906 1 -2 3 4 -5 6 -7 8 9 10 11 -12 -13 14 15 16 17 18 19 20 0
uf20-0226 121952 1 2 3 4 5 6 -7 8 9 10 -11 12 13 14 -15 16 17 -18 19 -20 0
uf20-0227 158278 1 2 3 4 5 6 7 8 9 -10 -11 12 13 14 15 16 17 18 19 20 0
uf20-0228 124802 1 2 3 4 5 6 -7 8 9 -10 11 12 13 -14 15 -16 17 18 19 -20 0
uf20-0229 165847 1 2 3 4 5 6 7 8 9 -10 11 12 -13 14 15 -16 17 18 19 20 0
uf20-022 119959 -1 2 -3 4 -5 -6 7 8 9 10 11 12 13 14 -15 16 17 18 19 20 0
uf20-0230 120493 1 2 -3 4 5 6 7 8 9 10 -11 -12 13 14 15 16 17 18 -19 20 0
uf20-0231 107417 -1 -2 3 4 5 6 7 8 9 10 11 12 13 14 -15 16 17 -18 -19 20 0
uf20-0232 139956 1 2 -3 -4 5 6 7 8 9 10 -11 12 13 14 -15 16 17 18 19 20 0
uf20-0233 136368 1 2 3 4 5 -6 7 8 9 -10 11 -12 13 -14 15 16 17 18 19 -20 0
uf20-0234 123611 1 -2 3 4 5 6 -7 -8 9 10 11 12 -13 14 15 16 17 18 -19 20 0
uf20-0235 167836 1 2 3 4 5 6 7 8 9 10 11 12 13 14 15 -16 -17 18 19 20 0
uf20-0236 166450 1 2 3 4 -5 6 7 8 9 -10 11 12 13 14 -15 16 17 18 19 20 0
uf20-0237 108988 1 -2 3 4 5 6 -7 8 -9 -10 11 12 13 14 15 -16 -17 18 -19 20 0
uf20-0238 147790 1 2 3 4 -5 6 -7 8 9 10 11 12 13 -14 15 16 17 18 19 20 0
uf20-0239 145896 1 2 3 4 5 6 7 8 -9 10 11 12 -13 14 15 16 17 18 -19 20 0
uf20-023 132894 1 2 3 4 -5 6 7 8 9 10 -11 12 13 14 -15 16 -17 18 19 20 0
uf20-0240 128155 1 2 3 4 5 6 -7 8 -9 10 11 -12 -13 14 -15 16 17 18 19 20 0
uf20-0241 129686 -1 -2 3 4 5 6 -7 8 9 10 11 12 -13 14 15 16 17 18 19 20 0
uf20-0242 132736 -1 2 3 4 -5 -6 7 8 9 10 -11 12 13 14 15 16 17 18 19 -20 0
uf20-0243 109612 1 2 -3 -4 5 6 -7 8 9 10 -11 -12 13 14 15 16 17 18 19 20 0
uf20-0244 127766 -1 2 3 4 5 6 7 8 9 10 11 12 -13 14 -15 16 17 18 -19 -20 0
uf20-0245 101500 1 2 -3 4 5 6 7 8 9 -10 11 -12 13 14 -15 16 -17 -18 19 -20 0
uf20-0246 125570 -1 2 3 4 -5 6 7 8 9 10 -11 12 13 -14 -15 16 17 18 19 20 0
uf20-0247 161576 1 2 -3 4 -5 6 7 8 9 10 11 12 13 14 15 16 17 -18 19 20 0
uf20-0248 138434 1 2 -3 -4 -5 6 7 8 9 -10 11 12 13 14 15 16 17 18 19 20 0
uf20-0249 138531 -1 -2 3 4 5 -6 7 8 -9 -10 11 12 13 14 15 16 17 18 19 20 0
uf20-024 96757 1 -2 3 -4 5 -6 -7 -8 9 10 11 -12 -13 14 15 -16 17 18 19 20 0
uf20-0250 168078 1 2 3 4 -5 6 7 8 9 10 11 12 13 14 15 16 17 18 -19 20 0
uf20-0251 152014 1 -2 -3 4 5 6 7 8 9 10 11 12 13 14 15 16 17 18 19 -20 0
uf20-0252 123612 -1 -2 3 -4 -5 6 7 8 9 10 11 12 13 -14 15 16 17 18 -19 20 0
uf20-0253 156200 1 2 -3 4 5 6 -7 8 9 10 11 12 13 14 15 -16 17 18 19 20 0
uf20-0254 141991 1 -2 3 4 5 6 7 8 9 -10 11 12 13 14 15 -16 -17 18 19 20 0
uf20-0255 131964 1 2 3 4 5 6 -7 8 -9 -10 -11 12 13 -14 15 16 17 18 19 20 0
uf20-0256 156665 1 -2 3 4 5 6 -7 8 9 10 11 12 13 14 15 16 17 18 -19 20 0
uf20-0257 140371 1 -2 -3 4 5 6 7 8 9 10 11 12 13 14 15 -16 17 18 -19 20 0
uf20-0258 146980 1 -2 3 4 5 -6 7 8 9 10 11 12 13 14 -15 16 17 18 19 20 0
uf20-0259 137401 -1 2 3 -4 5 6 7 8 9 10 11 12 13 14 15 16 -17 18 -19 -20 0
uf20-025 150635 1 -2 3 4 5 6 7 8 9 10 11 12 -13 14 15 16 17 18 -19 20 0
uf20-0260 122559 1 -2 3 4 5 6 7 8 9 10 11 12 13 14 15 -16 -17 -18 -19 -20 0
uf20-0261 138985 -1 2 -3 4 5 6 7 8 9 10 -11 12 13 14 15 16 17 18 -19 20 0
uf20-0262 133553 1 2 3 4 -5 6 -7 -8 9 10 11 12 13 14 15 16 17 -18 -19 20 0
uf20-0263 160864 1 2 3 4 5 6 -7 8 9 10 11 12 -13 14 15 16 17 18 19 20 0
uf20-0264 109173 -1 -2 -3 4 5 6 7 8 9 10 -11 -12 13 14 -15 16 -17 18 19 20 0
uf20-0265 178948 1 2 3 4 5 6 7 8 9 -10 11 12 13 14 15 16 17 18 19 20 0
uf20-0266 159295 1 2 3 4 5 6 7 8 9 10 11 12 13 -14 15 -16 17 -18 19 20 0
uf20-0267 135581 1 -2 3 4 5 6 7 -8 9 -10 11 12 13 14 -15 16 17 18 19 20 0
uf20-0268 162919 1 2 3 4 5 6 7 8 9 -10 11 12 -13 14 15 16 17 -18 19 20 0
uf20-0269 125962 1 -2 3 4 5 6 7 8 9 10 -11 12 -13 14 -15 16 17 18 -19 20 0
uf20-026 133846 1 2 3 4 5 6 7 -8 9 10 -11 -12 13 14 -15 16 17 18 19 -20 0
uf20-0270 170930 1 -2 3 4 5 6 7 8 9 -10 11 12 13 14 15 16 17 18 19 20 0
uf20-0271 136378 -1 -2 3 4 -5 6 7 8 9 10 11 12 13 14 15 16 17 18 19 20 0
uf20-0272 121484 1 2 -3 -4 5 -6 7 8 9 10 -11 12 13 14 15 16 17 18 -19 20 0
uf20-0273 126168 1 2 3 -4 5 6 7 8 9 -10 11 12 13 -14 15 -16 17 -18 19 20 0
uf20-0274 154718 1 2 3 4 5 6 7 8 -9 -10 11 12 13 14 15 16 -17 18 19 20 0
uf20-0275 109312 1 -2 3 4 5 6 7 8 -9 10 11 12 13 14 15 16 -17 18 -19 -20 0
uf20-0276 146306 -1 -2 3 -4 5 6 7 8 9 10 11 12 13 -14 15 16 17 18 19 20 0
uf20-0277 124140 1 2 3 4 -5 6 7 -8 -9 10 11 12 -13 -14 15 -16 17 18 19 20 0
uf20-0278 109870 -1 -2 3 4 -5 6 7 8 9 -10 11 12 13 -14 15 16 17 18 19 -20 0
uf20-0279 154116 1 2 3 4 -5 6 7 8 9 10 11 -12 13 14 15 -16 17 18 19 20 0
uf20-027 140108 -1 2 3 -4 5 6 7 -8 9 10 11 12 13 -14 15 16 17 18 19 20 0
uf20-0280 152606 -1 2 3 -4 5 6 7 8 -9 10 11 12 13 14 15 16 17 18 19 20 0
uf20-0281 136237 1 2 3 4 -5 6 7 8 9 10 11 -12 13 14 15 16 17 18 19 -20 0
uf20-0282 126037 -1 2 3 4 5 6 -7 8 9 -10 -11 12 13 14 15 -16 17 18 19 20 0
uf20-0283 165873 1 2 3 4 5 6 7 -8 9 10 11 12 13 14 15 16 17 18 19 20 0
uf20-0284 120202 1 2 -3 4 5 6 7 8 -9 -10 11 12 13 14 15 -16 17 18 19 -20 0
uf20-0285 124384 1 -2 3 4 5 -6 7 8 9 10 11 12 -13 14 15 16 -17 -18 19 20 0
uf20-0286 126370 -1 -2 3 4 5 6 7 -8 9 10 11 -12 -13 14 15 -16 17 18 19 20 0
uf20-0287 143893 -1 2 3 -4 5 6 7 8 9 10 11 12 -13 14 -15 16 17 18 19 20 0
uf20-0288 139808 1 -2 3 -4 -5 6 7 8 9 -10 11 12 13 -14 15 16 17 18 19 20 0
uf20-0289 124520 1 2 -3 4 5 -6 7 8 -9 10 -11 12 13 -14 15 16 17 18 19 -20 0
uf20-028 106534 1 2 -3 4 5 6 -7 8 9 10 -11 12 13 -14 -15 -16 17 -18 19 20 0
uf20-0290 126153 1 2 -3 4 -5 6 7 8 9 10 11 12 -13 -14 15 16 -17 18 19 20 0
uf20-0291 190941 1 2 3 4 5 6 7 8 9 10 11 12 -13 14 15 16 17 18 19 20 0
uf20-0292 153543 -1 2 3 -4 5 6 7 8 9 -10 11 12 13 14 15 16 17 18 19 20 0
uf20-0293 160874 1 2 -3 4 -5 6 -7 8 9 10 11 12 13 14 15 16 17 18 19 20 0
uf20-0294 149691 1 2 3 4 5 6 7 8 9 10 -11 12 -13 14 15 16 17 -18 -19 20 0
uf20-0295 127023 1 2 3 -4 5 6 7 8 -9 10 11 12 13 14 15 -16 17 -18 19 -20 0
uf20-0296 130765 -1 2 3 4 -5 6 7 8 -9 10 11 12 13 -14 15 16 -17 18 19 20 0
uf20-0297 96804 1 2 3 4 5 -6 7 8 9 -10 -11 12 -13 14 -15 -16 17 18 -19 -20 0
uf20-0298 149461 1 2 -3 4 5 6 7 8 9 10 -11 -12 -13 14 15 16 17 18 19 20 0
uf20-0299 110197 1 -2 3 4 -5 6 7 8 9 10 11 -12 13 14 15 16 -17 18 -19 20 0
uf20-029 122986 1 2 3 4 5 -6 -7 -8 9 10 11 12 13 -14 15 16 -17 -18 19 20 0
uf20-02 118347 1 2 3 -4 5 6 -7 8 9 -10 11 12 -13 14 15 16 -17 18 19 -20 0
uf20-0300 158207 1 2 3 4 5 6 7 8 9 10 -11 12 13 14 15 16 17 -18 19 20 0
uf20-0301 157406 1 2 -3 4 5 6 7 -8 9 10 11 12 -13 14 15 16 17 18 19 20 0
uf20-0302 164689 1 2 3 4 5 6 7 8 9 10 11 12 13 -14 -15 16 17 18 19 20 0
uf20-0303 113694 1 -2 -3 4 5 -6 -7 -8 9 10 11 12 13 14 15 -16 17 18 19 20 0
uf20-0304 113414 1 -2 -3 4 -5 6 7 8 9 10 -11 12 13 14 15 16 17 18 -19 -20 0
uf20-0305 150622 1 2 3 4 -5 6 7 8 9 10 11 -12 13 14 15 -16 17 18 19 20 0
uf20-0306 108622 -1 2 3 4 -5 -6 7 8 9 10 11 -12 -13 -14 15 16 17 18 19 -20 0
uf20-0307 164492 1 2 3 4 5 -6 7 -8 9 10 11 12 13 14 15 16 17 18 19 20 0
uf20-0308 142347 1 2 3 4 5 6 7 -8 9 10 11 12 13 -14 15 16 -17 -18 -19 20 0
uf20-0309 123523 1 2 3 4 5 6 7 8 9 -10 11 12 13 -14 15 16 17 -18 -19 -20 0
uf20-030 150284 1 2 3 4 -5 6 7 8 9 -10 -11 -12 13 14 15 16 17 18 19 20 0
uf20-0310 127691 1 2 3 4 5 6 7 -8 9 -10 11 12 13 14 15 16 17 -18 -19 -20 0
uf20-0311 152355 1 2 3 4 5 6 7 -8 9 -10 11 12 13 -14 15 16 17 -18 19 20 0
uf20-0312 125332 1 2 3 -4 5 6 7 8 9 10 11 -12 13 -14 -15 -16 -17 18 19 20 0
uf20-0313 117477 1 2 3 -4 -5 6 7 8 -9 10 11 -12 13 -14 15 16 17 18 19 -20 0
uf20-0314 156778 1 2 3 4 5 6 -7 8 9 10 11 -12 13 14 15 16 17 18 -19 20 0
uf20-0315 157642 1 2 3 4 5 6 7 8 -9 -10 11 12 13 14 15 16 17 18 -19 20 0
uf20-0316 96743 1 2 3 -4 -5 -6 -7 8 9 10 11 12 13 14 -15 16 17 -18 -19 20 0
uf20-0317 114033 1 2 3 -4 5 -6 7 -8 9 10 11 -12 13 14 15 -16 17 18 19 -20 0
uf20-0318 171791 1 2 3 4 5 6 -7 8 9 10 11 12 13 14 15 16 17 -18 19 20 0
uf20-0319 171650 1 2 3 4 5 6 7 8 9 10 -11 12 -13 14 15 16 17 18 19 20 0
uf20-031 119571 -1 -2 3 4 5 6 7 8 9 10 11 12 -13 -14 15 16 17 18 -19 -20 0
uf20-0320 150935 1 2 -3 4 5 6 7 -8 9 10 11 -12 -13 14 15 16 17 18 19 20 0
uf20-0321 122846 -1 2 3 4 5 6 -7 8 9 -10 11 12 13 -14 15 16 -17 18 19 -20 0
uf20-0322 139319 1 -2 3 -4 5 6 7 8 9 10 11 12 13 14 -15 16 17 18 19 -20 0
uf20-0323 92018 1 -2 -3 4 5 6 7 -8 9 -10 11 -12 13 14 -15 -16 17 18 19 20 0
uf20-0324 130364 1 2 3 4 5 -6 7 8 9 10 11 -12 13 -14 15 16 -17 18 19 -20 0
uf20-0325 167774 1 2 -3 4 5 6 7 8 9 -10 11 12 13 14 15 16 17 18 19 20 0
uf20-0326 135745 1 2 3 4 5 6 7 8 9 -10 -11 12 -13 14 -15 -16 17 18 19 20 0
uf20-0327 60669 1 2 3 4 5 6 7 8 9 10 -11 -12 13 14 15 16 -17 18 19 20 0
uf20-0328 55910 -1 2 3 -4 5 6 -7 -8 9 -10 11 12 13 14 15 16 17 -18 19 20 0
uf20-0329 48375 -1 2 3 4 5 6 -7 8 9 -10 -11 12 13 14 15 16 -17 18 19 -20 0
uf20-032 69659 1 2 3 4 5 6 7 -8 9 -10 11 12 13 -14 15 16 17 18 19 20 0
uf20-0330 42683 1 2 -3 4 5 -6 7 -8 9 10 11 12 13 14 -15 16 -17 18 -19 20 0
uf20-0331 63415 1 2 3 4 5 6 7 8 9 10 11 -12 13 14 15 -16 17 18 -19 -20 0
uf20-0332 53091 1 -2 3 -4 5 6 -7 8 9 10 11 12 -13 14 15 16 -17 18 -19 20 0
uf20-0333 68879 1 2 3 4 5 6 7 -8 9 10 11 12 -13 14 15 16 17 18 -19 20 0
uf20-0334 43642 -1 -2 -3 4 5 6 7 -8 9 -10 11 12 -13 14 -15 16 17 18 19 20 0
uf20-0335 61507 -1 2 3 4 5 6 7 8 9 10 -11 12 13 -14 15 16 17 -18 19 -20 0
uf20-0336 43835 1 -2 3 4 5 6 7 -8 -9 10 -11 -12 13 -14 15 16 17 -18 19 20 0
uf20-0337 58397 1 2 3 4 5 6 7 8 -9 -10 -11 12 13 14 15 16 17 18 19 20 0
uf20-0338 57031 1 2 3 4 5 6 7 -8 9 10 11 12 -13 14 15 -16 17 18 -19 -20 0
uf20-0339 77553 -1 2 3 4 5 6 7 8 9 -10 11 12 13 14 15 16 17 18 19 20 0
uf20-033 46675 1 2 -3 4 5 6 7 -8 -9 10 -11 12 13 14 15 16 17 18 -19 -20 0
uf20-0340 71723 1 2 3 4 5 6 7 8 9 10 11 12 -13 -14 15 16 17 18 19 20 0
uf20-0341 72812 1 2 3 4 -5 6 7 8 9 10 11 12 13 14 -15 16 17 18 19 20 0
uf20-0342 64999 1 2 3 4 5 6 7 8 -9 10 11 12 -13 -14 15 16 17 18 19 20 0
uf20-0343 58207 -1 -2 3 4 5 6 -7 8 9 10 -11 12 13 14 15 16 17 -18 19 20 0
uf20-0344 60627 1 2 3 4 5 6 7 -8 9 10 11 12 13 -14 -15 -16 17 18 19 -20 0
uf20-0345 63718 1 2 3 4 -5 -6 7 8 9 10 11 -12 13 14 -15 16 17 18 19 20 0
uf20-0346 61462 1 2 -3 4 5 6 -7 8 9 10 -11 12 13 14 15 16 17 18 -19 20 0
uf20-0347 69903 1 2 3 4 -5 -6 7 8 9 10 11 12 13 14 15 16 -17 18 19 20 0
uf20-0348 75531 1 2 3 4 5 6 7 8 9 10 -11 12 13 -14 15 16 17 18 19 20 0
uf20-0349 49554 1 -2 -3 4 -5 6 -7 8 9 10 11 12 13 -14 15 -16 17 18 19 20 0
uf20-034 68289 1 2 3 4 5 -6 7 8 9 10 11 12 13 -14 15 16 17 18 19 -20 0
uf20-0350 45791 1 2 -3 -4 -5 6 7 8 9 -10 11 -12 13 14 15 16 17 18 -19 20 0
uf20-0351 71097 1 2 3 4 -5 6 7 8 9 10 11 12 13 14 15 -16 17 18 19 -20 0
uf20-0352 62039 1 2 3 4 5 6 -7 8 9 -10 -11 -12 13 14 15 16 17 18 19 20 0
uf20-0353 79241 1 2 3 4 5 -6 7 8 9 10 11 12 13 14 15 16 17 18 19 20 0
uf20-0354 51815 -1 2 3 -4 -5 6 7 8 9 -10 11 12 -13 14 -15 16 17 18 19 20 0
uf20-0355 72749 1 2 3 4 5 6 7 8 9 10 11 12 13 -14 15 16 17 -18 19 20 0
uf20-0356 77178 1 2 3 4 5 6 7 8 9 10 -11 -12 13 14 15 16 17 18 19 20 0
uf20-0357 62380 1 2 3 4 5 -6 -7 -8 -9 10 11 12 13 14 15 -16 17 18 19 20 0
uf20-0358 78121 1 2 3 4 5 6 -7 8 9 10 11 12 13 14 15 16 17 18 19 20 0
uf20-0359 48976 -1 2 -3 4 5 6 7 8 9 10 -11 12 13 -14 -15 16 -17 18 19 20 0
uf20-035 71789 1 2 3 -4 5 6 -7 8 9 10 11 12 -13 14 -15 16 17 18 19 20 0
uf20-0360 57154 1 2 3 4 -5 6 7 -8 9 10 11 12 -13 14 15 16 -17 -18 19 20 0
uf20-0361 67244 1 2 3 4 5 6 7 8 9 -10 11 12 13 14 15 -16 -17 18 19 20 0
uf20-0362 51096 1 2 3 -4 5 -6 7 8 9 -10 11 12 13 -14 -15 -16 17 18 19 20 0
uf20-0363 77559 1 2 3 4 5 -6 7 8 9 10 11 12 13 14 15 16 17 -18 19 20 0
uf20-0364 56512 1 2 3 4 5 -6 7 8 9 10 -11 -12 13 -14 15 16 17 18 19 -20 0
uf20-0365 52219 -1 2 -3 -4 5 6 7 8 9 10 11 12 13 14 15 16 -17 18 -19 20 0
uf20-0366 64236 1 2 3 4 -5 6 7 8 9 10 -11 -12 13 14 15 16 17 18 19 -20 0
uf20-0367 55038 1 -2 3 4 -5 -6 7 8 9 10 11 12 13 14 15 16 17 18 -19 -20 0
uf20-0368 67288 -1 -2 3 -4 5 6 7 8 9 10 11 12 13 14 15 16 17 18 19 20 0
uf20-0369 62081 -1 2 3 4 -5 -6 7 8 9 10 -11 12 13 14 15 16 17 18 19 20 0
uf20-036 66642 1 2 3 4 5 -6 -7 8 9 10 11 12 13 14 15 16 17 18 19 -20 0
uf20-0370 47141 1 -2 3 4 -5 6 7 8 9 10 11 -12 -13 14 15 16 17 18 -19 -20 0
uf20-0371 62492 -1 2 3 4 5 -6 7 8 9 10 -11 12 13 14 15 16 -17 -18 19 20 0
uf20-0372 55614 1 -2 -3 4 -5 6 7 -8 9 10 11 12 13 14 15 16 17 -18 19 20 0
uf20-0373 49982 1 2 3 4 5 -6 7 8 9 10 -11 12 13 14 -15 -16 -17 -18 19 20 0
uf20-0374 48768 -1 -2 3 -4 5 6 7 8 -9 10 11 -12 13 -14 -15 16 17 18 19 20 0
uf20-0375 47723 1 2 3 4 5 -6 7 -8 9 -10 11 12 13 -14 15 16 -17 18 19 -20 0
uf20-0376 62557 1 2 -3 4 5 6 7 8 -9 -10 11 12 13 14 15 16 17 -18 19 -20 0
uf20-0377 80867 1 2 3 4 5 6 7 -8 9 10 11 12 13 14 15 16 17 18 19 20 0
uf20-0378 65226 1 2 3 4 5 6 7 -8 -9 10 11 12 13 14 15 -16 17 18 -19 20 0
uf20-0379 69767 1 2 3 4 5 6 7 8 9 10 -11 12 13 14 15 16 17 -18 19 -20 0
uf20-037 66333 -1 2 -3 4 5 6 7 8 9 -10 11 12 13 14 15 -16 17 18 19 20 0
uf20-0380 55404 1 2 3 4 5 6 -7 8 9 10 11 12 13 -14 15 16 -17 18 -19 -20 0
uf20-0381 70639 1 2 3 4 5 -6 7 8 9 -10 11 12 13 14 15 16 17 -18 19 20 0
uf20-0382 55944 1 2 -3 4 5 6 7 -8 9 -10 -11 12 -13 14 15 16 17 18 19 20 0
uf20-0383 51818 1 -2 3 4 5 6 7 -8 9 -10 11 -12 13 14 15 -16 17 18 -19 20 0
uf20-0384 60586 1 -2 -3 4 5 6 7 8 9 -10 11 -12 13 14 15 16 17 -18 19 20 0
uf20-0385 59423 1 -2 3 4 5 6 7 8 9 10 -11 -12 13 -14 -15 16 17 18 19 20 0
uf20-0386 75656 1 -2 3 4 5 -6 7 8 9 10 11 12 13 14 15 16 17 18 19 20 0
uf20-0387 55581 1 2 3 4 -5 6 -7 8 9 -10 11 12 13 14 15 16 17 18 -19 20 0
uf20-0388 65567 1 2 3 4 5 6 -7 8 9 10 -11 12 13 14 15 -16 -17 18 19 20 0
uf20-0389 60090 1 -2 3 4 5 6 -7 -8 9 10 11 12 13 14 15 16 17 18 -19 20 0
uf20-038 53992 1 2 3 4 5 -6 7 8 -9 10 -11 12 -13 14 15 -16 17 18 19 -20 0
uf20-0390 62735 1 2 3 4 5 6 7 8 9 10 -11 -12 13 14 -15 16 17 18 -19 20 0
uf20-0391 63979 1 2 -3 4 5 6 7 -8 9 10 11 12 13 -14 -15 16 17 18 19 20 0
uf20-0392 64604 1 2 -3 4 5 6 7 8 9 10 11 -12 13 14 15 -16 17 18 19 20 0
uf20-0393 69387 1 2 3 4 5 6 7 8 9 10 11 12 13 14 15 16 -17 18 -19 -20 0
uf20-0394 46956 1 2 -3 4 -5 6 7 8 -9 -10 11 12 13 14 15 -16 -17 18 -19 20 0
uf20-0395 77998 1 2 3 4 5 6 7 8 9 10 -11 12 13 14 15 16 17 18 19 20 0
uf20-0396 57080 1 2 3 4 5 6 7 -8 9 10 11 12 -13 14 -15 16 17 18 -19 20 0
uf20-0397 50440 1 -2 3 -4 5 6 -7 8 9 10 11 12 -13 -14 15 -16 17 18 19 20 0
uf20-0398 73875 1 2 3 4 5 6 7 8 9 10 11 12 13 -14 15 -16 17 18 19 20 0
uf20-0399 61351 1 2 -3 4 -5 6 7 8 9 -10 11 12 13 14 15 16 -17 18 19 20 0
uf20-039 57818 1 2 -3 -4 5 6 7 8 -9 10 -11 12 13 14 15 16 17 18 -19 20 0
uf20-03 65354 1 2 3 4 5 6 -7 8 9 10 11 -12 13 14 15 -16 17 18 19 20 0
uf20-0400 68545 1 2 3 4 5 6 7 -8 9 10 11 12 13 -14 15 -16 17 18 19 20 0
uf20-0401 76312 1 2 3 4 -5 -6 7 8 9 10 11 12 13 14 15 16 17 18 19 20 0
uf20-0402 43191 1 2 3 -4 5 -6 7 8 -9 -10 -11 12 13 14 -15 16 -17 -18 19 20 0
uf20-0403 76380 1 2 3 4 5 6 7 8 9 10 11 12 13 14 15 -16 17 -18 19 20 0
uf20-0404 52121 1 -2 -3 4 5 6 7 8 -9 10 11 12 13 14 15 16 17 18 19 -20 0
uf20-0405 42433 -1 2 3 4 5 6 7 -8 9 10 11 -12 -13 -14 15 16 17 -18 19 -20 0
uf20-0406 67921 1 2 3 4 5 6 7 -8 9 10 -11 12 -13 14 15 16 17 18 19 20 0
uf20-0407 65942 1 -2 3 4 5 6 7 8 9 10 11 12 13 -14 15 -16 17 18 19 20 0
uf20-0408 81246 1 2 3 4 5 6 7 8 9 -10 11 12 13 14 15 16 17 18 19 20 0
uf20-0409 47706 1 2 -3 -4 5 -6 7 8 9 -10 11 12 -13 14 -15 -16 17 18 19 20 0
uf20-040 53807 1 2 -3 4 5 6 -7 8 9 10 -11 12 -13 -14 15 16 17 -18 19 20 0
uf20-0410 76471 1 2 3 4 5 6 7 -8 9 10 11 12 13 14 15 16 17 -18 19 20 0
uf20-0411 76019 1 2 3 4 5 6 7 8 9 10 11 12 -13 14 15 16 17 -18 19 20 0
uf20-0412 65727 1 2 3 4 5 -6 7 8 9 -10 11 12 -13 14 15 -16 17 18 19 20 0
uf20-0413 77682 1 2 3 4 5 6 7 8 9 10 11 -12 13 -14 15 16 17 18 19 20 0
uf20-0414 73618 1 2 -3 4 5 6 7 -8 9 10 11 12 13 14 15 16 -17 18 19 20 0
uf20-0415 44894 -1 2 3 4 5 -6 7 8 9 10 11 12 -13 -14 15 -16 -17 -18 19 20 0
uf20-0416 70245 1 -2 3 4 5 6 7 8 9 10 -11 12 13 14 -15 16 17 18 19 20 0
uf20-0417 68087 1 2 3 4 -5 6 7 8 9 10 -11 -12 13 14 15 16 17 18 19 20 0
uf20-0418 67616 -1 2 3 4 5 6 7 8 9 10 -11 12 13 14 15 -16 17 18 19 20 0
uf20-0419 52215 1 -2 3 4 -5 6 -7 8 9 10 11 12 13 14 -15 -16 17 18 -19 20 0
uf20-041 73645 -1 2 -3 4 5 6 7 8 9 10 11 12 13 14 15 16 17 18 19 20 0
uf20-0420 65787 1 2 3 4 5 6 -7 8 9 10 11 -12 13 14 15 16 17 18 -19 20 0
uf20-0421 48392 -1 2 3 -4 5 6 -7 8 9 10 -11 12 13 14 -15 16 17 18 19 20 0
uf20-0422 81785 1 2 3 4 5 6 7 8 9 10 -11 12 13 -14 15 16 17 18 19 20 0
uf20-0423 54788 1 -2 3 -4 5 6 7 8 9 -10 11 12 13 14 15 16 17 -18 -19 -20 0
uf20-0424 59048 1 2 3 4 5 6 -7 8 -9 -10 11 -12 13 14 15 16 17 18 -19 20 0
uf20-0425 59536 1 2 3 4 -5 6 -7 8 -9 10 11 12 13 14 15 16 17 18 19 20 0
uf20-0426 59527 1 -2 3 4 5 -6 7 -8 9 -10 11 12 13 -14 15 16 17 18 19 20 0
uf20-0427 55820 1 2 3 4 5 -6 7 8 9 10 11 12 -13 14 15 16 17 -18 19 -20 0
uf20-0428 47598 1 2 3 4 -5 -6 7 8 9 -10 11 -12 13 -14 15 16 -17 18 19 20 0
uf20-0429 77106 1 2 3 4 5 -6 7 8 9 10 11 12 13 14 15 16 -17 18 19 20 0
uf20-042 61651 1 2 3 4 -5 6 7 8 -9 10 11 12 13 -14 -15 16 17 -18 19 20 0
uf20-0430 50414 1 2 -3 -4 5 6 7 8 9 10 11 12 13 14 15 16 17 18 19 20 0
uf20-0431 63439 1 2 3 4 5 -6 7 8 -9 10 11 -12 13 14 15 16 17 18 19 20 0
uf20-0432 64334 1 2 3 4 -5 6 7 8 9 -10 11 12 13 14 15 16 17 18 -19 -20 0
uf20-0433 55467 -1 2 3 4 5 6 7 8 9 10 -11 -12 13 -14 15 -16 17 18 19 -20 0
uf20-0434 64292 1 2 3 4 -5 6 7 8 -9 10 11 12 -13 14 15 16 17 18 -19 20 0
uf20-0435 61996 1 2 3 4 5 6 7 -8 9 -10 11 12 13 14 15 16 17 18 -19 -20 0
uf20-0436 66344 1 2 3 4 -5 -6 7 8 9 10 11 12 13 -14 15 16 17 18 -19 20 0
uf20-0437 49285 1 -2 3 4 5 6 7 8 9 10 11 12 -13 -14 -15 16 17 18 -19 -20 0
uf20-0438 54372 -1 -2 3 4 -5 6 7 8 9 10 11 12 13 14 15 16 17 18 -19 -20 0
uf20-0439 62407 1 2 3 -4 5 -6 7 -8 -9 10 11 12 13 14 15 16 17 18 19 20 0
uf20-043 51315 1 2 3 -4 5 6 7 8 9 10 11 12 13 -14 -15 -16 17 -18 19 -20 0
uf20-0440 47307 -1 2 3 -4 5 -6 7 8 9 10 11 12 13 -14 15 -16 -17 -18 19 20 0
uf20-0441 65505 1 2 3 4 5 6 7 8 -9 10 11 12 -13 14 15 16 17 -18 19 20 0
uf20-0442 48448 1 -2 3 -4 5 6 -7 8 9 10 11 12 13 -14 15 16 17 18 19 -20 0
uf20-0443 56771 1 2 -3 -4 5 6 7 8 -9 10 -11 12 13 14 -15 16 17 18 19 20 0
uf20-0444 56370 -1 -2 -3 4 5 6 -7 8 9 10 11 12 13 14 15 16 17 18 19 20 0
uf20-0445 57139 1 2 3 4 -5 -6 7 8 -9 10 11 12 -13 -14 15 16 17 18 19 20 0
uf20-0446 57297 1 2 -3 4 5 -6 -7 8 9 10 -11 12 13 14 15 16 17 18 19 20 0
uf20-0447 60888 1 2 3 4 -5 6 -7 8 9 10 11 12 13 14 15 16 17 -18 -19 20 0
uf20-0448 80620 1 2 3 4 5 -6 7 8 9 10 11 12 13 14 15 16 17 18 19 -20 0
uf20-0449 64481 -1 2 3 4 5 6 7 8 9 10 11 -12 13 -14 15 16 17 18 19 -20 0
uf20-044 52434 -1 2 3 4 5 6 7 -8 9 -10 11 12 13 14 -15 -16 -17 18 19 20 0
uf20-0450 47441 -1 2 3 -4 -5 -6 7 8 9 10 11 12 13 -14 15 16 17 18 -19 20 0
uf20-0451 62193 1 -2 -3 4 5 6 7 8 9 10 11 12 -13 14 15 16 17 18 19 -20 0
uf20-0452 54561 -1 2 3 4 5 6 7 8 -9 10 11 12 13 -14 -15 -16 17 18 19 -20 0
uf20-0453 52995 1 2 3 -4 5 6 7 8 9 10 -11 12 13 14 15 -16 17 -18 19 -20 0
uf20-0454 62883 1 2 3 -4 5 6 7 8 -9 10 11 12 13 14 15 16 17 18 -19 20 0
uf20-0455 58836 1 2 3 -4 5 -6 -7 8 9 10 11 -12 13 14 15 16 -17 18 19 20 0
uf20-0456 69203 -1 2 3 4 5 6 7 8 9 10 11 12 13 14 15 16 -17 -18 19 20 0
uf20-0457 60907 1 2 -3 4 -5 6 7 8 9 10 11 12 13 14 15 16 17 18 -19 20 0
uf20-0458 60760 1 -2 -3 4 5 6 7 8 9 10 11 -12 13 14 15 16 -17 18 19 20 0
uf20-0459 51965 1 2 3 4 -5 6 7 8 -9 10 -11 12 13 -14 -15 16 17 18 19 -20 0
uf20-045 59646 1 2 -3 4 -5 6 7 8 -9 10 11 12 -13 14 15 16 17 18 19 20 0
uf20-0460 67374 1 2 3 4 5 6 7 8 -9 10 11 12 13 -14 15 -16 17 18 19 20 0
uf20-0461 85913 1 2 -3 4 5 6 7 8 -9 10 -11 -12 13 14 15 16 17 18 19 20 0
uf20-0462 99526 -1 2 3 4 5 6 7 8 9 10 11 12 13 14 15 -16 17 18 19 20 0
uf20-0463 70346 1 2 3 -4 5 -6 7 -8 9 10 11 12 13 14 15 16 17 18 -19 -20 0
uf20-0464 60033 1 2 -3 -4 5 -6 7 8 9 -10 11 12 13 14 15 -16 17 -18 19 -20 0
uf20-0465 74384 1 2 3 4 5 6 7 -8 9 -10 -11 -12 13 14 15 16 17 -18 19 20 0
uf20-0466 58670 1 2 -3 4 5 6 7 8 -9 10 -11 12 -13 14 15 16 -17 18 -19 20 0
uf20-0467 67457 1 2 3 4 5 -6 7 8 9 10 11 12 13 14 -15 16 -17 -18 19 20 0
uf20-0468 67407 1 -2 -3 4 5 6 7 -8 9 -10 11 12 13 -14 15 -16 17 18 19 20 0
uf20-0469 66216 1 -2 -3 4 5 6 -7 -8 9 10 -11 12 13 14 15 -16 17 18 19 20 0
uf20-046 73179 1 2 3 -4 -5 6 7 -8 9 10 11 -12 13 14 15 16 17 18 19 20 0
uf20-0470 79345 1 2 3 4 5 6 7 8 9 -10 11 12 13 14 15 -16 17 18 -19 20 0
uf20-0471 73763 1 2 3 4 -5 6 7 -8 9 10 11 -12 13 14 15 16 -17 18 -19 20 0
uf20-0472 91847 -1 2 3 4 5 6 7 8 9 10 11 12 13 14 15 16 -17 18 19 20 0
uf20-0473 86197 1 2 3 -4 5 -6 -7 8 9 10 11 12 13 14 15 16 17 18 19 20 0
uf20-0474 80155 1 -2 -3 4 5 6 7 8 9 10 11 12 13 -14 15 16 17 18 19 -20 0
uf20-0475 76767 1 2 3 -4 5 -6 7 8 9 10 11 12 13 -14 15 16 17 -18 19 20 0
uf20-0476 87674 1 2 3 4 5 -6 7 -8 9 10 11 12 13 14 -15 16 17 18 19 20 0
uf20-0477 77960 1 2 3 4 5 6 7 8 9 -10 -11 -12 13 14 -15 16 -17 18 19 20 0
uf20-0478 79124 1 2 -3 -4 5 6 7 8 9 10 11 12 13 14 15 -16 -17 18 19 20 0
uf20-0479 70456 1 2 3 -4 -5 6 -7 8 -9 10 11 -12 13 14 15 16 17 18 19 20 0
uf20-047 83852 -1 -2 3 4 -5 6 7 8 9 10 11 12 13 -14 15 16 17 18 19 20 0
uf20-0480 88786 1 2 3 4 5 6 7 8 9 -10 11 12 13 14 15 16 17 18 -19 20 0
uf20-0481 83772 1 2 3 4 -5 6 7 8 -9 10 -11 12 13 14 15 -16 17 18 19 20 0
uf20-0482 69633 -1 2 3 4 -5 6 7 8 -9 10 -11 12 13 14 -15 16 17 18 19 20 0
uf20-0483 76829 -1 2 3 4 5 -6 7 8 -9 -10 11 12 13 14 15 16 17 18 19 20 0
uf20-0484 66115 1 2 3 4 5 6 7 8 -9 -10 11 -12 13 14 15 16 17 -18 -19 20 0
uf20-0485 70621 -1 -2 3 -4 5 6 -7 8 9 -10 11 12 13 14 15 16 17 18 19 20 0
uf20-0486 59662 1 -2 3 -4 5 6 7 -8 9 10 11 12 13 14 15 -16 17 18 19 20 0
uf20-0487 93059 1 2 3 4 5 6 -7 8 9 10 11 12 13 14 15 -16 17 18 19 20 0
uf20-0488 88988 1 2 3 4 5 6 -7 8 9 10 11 12 13 14 15 16 17 18 19 -20 0
uf20-0489 89080 1 2 3 4 5 6 7 8 -9 10 11 12 13 14 -15 -16 17 18 19 20 0
uf20-048 88827 1 2 3 4 5 6 7 8 -9 10 11 -12 13 14 15 16 17 18 19 -20 0
uf20-0490 95855 1 2 3 4 5 6 7 8 9 10 11 12 13 14 -15 16 17 18 -19 20 0
uf20-0491 91399 1 -2 3 4 5 6 7 8 9 10 11 12 -13 14 15 16 17 18 19 20 0
uf20-0492 79692 1 2 3 4 5 6 7 8 9 -10 11 -12 -13 -14 15 16 17 18 19 20 0
uf20-0493 75344 1 2 -3 4 5 6 7 8 9 -10 11 12 -13 14 15 16 17 -18 19 20 0
uf20-0494 84756 1 2 -3 -4 -5 6 7 8 9 -10 11 12 13 14 15 16 17 18 19 20 0
uf20-0495 67400 1 2 3 4 5 6 -7 -8 -9 10 11 12 13 -14 15 16 -17 18 -19 20 0
uf20-0496 84389 1 2 -3 4 5 6 -7 8 9 10 -11 12 -13 14 15 16 17 18 19 20 0
uf20-0497 53480 1 2 -3 4 -5 6 7 8 -9 -10 11 12 13 -14 15 16 17 -18 19 -20 0
uf20-0498 80143 1 2 3 -4 5 6 7 -8 9 10 11 12 13 14 15 16 17 -18 19 -20 0
uf20-0499 98773 1 2 3 4 5 6 7 8 9 10 11 12 13 14 15 16 17 18 19 20 0
uf20-049 79539 -1 -2 3 4 5 6 7 8 -9 10 11 12 13 14 15 16 -17 18 19 20 0
uf20-04 70297 -1 -2 3 4 5 -6 7 8 -9 10 11 -12 13 14 -15 16 17 18 19 20 0
uf20-0500 57820 1 2 3 4 -5 6 7 8 -9 10 11 -12 -13 14 15 16 17 -18 -19 -20 0
uf20-0501 82023 1 2 3 4 -5 6 7 8 9 -10 11 12 13 14 -15 16 17 18 -19 20 0
uf20-0502 83121 1 2 3 4 5 6 7 8 9 10 11 -12 13 14 15 16 17 18 -19 20 0
uf20-0503 62940 1 -2 3 4 5 6 -7 8 9 10 -11 -12 13 14 -15 16 17 18 19 20 0
uf20-0504 70290 1 -2 3 4 -5 6 7 8 9 -10 11 12 13 14 15 16 17 18 -19 20 0
uf20-0505 75782 -1 2 3 4 5 6 7 -8 9 10 11 12 -13 -14 15 16 17 18 19 -20 0
uf20-0506 94297 1 2 3 4 5 6 7 8 9 -10 -11 12 13 14 15 16 17 18 19 20 0
uf20-0507 62978 1 2 3 4 5 6 7 8 9 -10 -11 12 -13 14 15 -16 17 -18 -19 20 0
uf20-0508 57798 -1 2 3 -4 -5 -6 -7 8 9 10 11 -12 13 -14 15 16 17 18 19 20 0
uf20-0509 67822 1 2 3 4 5 6 7 8 9 10 -11 12 -13 14 15 16 -17 18 19 -20 0
uf20-050 68818 -1 2 3 4 5 6 7 8 9 10 -11 12 -13 14 15 -16 -17 18 -19 20 0
uf20-0510 65871 1 2 -3 4 -5 6 7 8 -9 10 -11 12 13 14 15 16 17 -18 19 20 0
uf20-0511 82113 -1 -2 3 4 5 6 7 8 9 10 11 -12 13 14 15 16 17 18 19 20 0
uf20-0512 67588 1 -2 3 4 5 6 7 -8 9 -10 11 12 -13 14 15 16 17 18 -19 -20 0
uf20-0513 68058 1 2 3 -4 5 -6 7 8 9 -10 11 12 13 -14 -15 16 17 18 19 20 0
uf20-0514 87054 1 2 3 4 -5 6 7 -8 9 10 11 -12 13 14 15 16 17 18 19 20 0
uf20-0515 76173 1 2 3 4 -5 -6 7 8 9 10 -11 12 13 14 -15 16 17 18 19 20 0
uf20-0516 86249 1 2 3 4 5 6 7 8 9 10 11 -12 -13 14 15 16 17 18 19 20 0
uf20-0517 81872 1 2 3 4 -5 6 7 8 9 10 11 12 13 14 -15 16 -17 -18 19 20 0
uf20-0518 79243 1 2 3 4 -5 -6 7 8 9 10 11 12 13 14 15 16 17 18 -19 20 0
uf20-0519 76590 1 2 -3 4 -5 -6 7 8 9 10 11 12 13 14 15 16 -17 18 19 -20 0
uf20-051 83057 1 2 -3 4 5 6 7 8 9 10 11 12 13 -14 15 -16 17 18 19 20 0
uf20-0520 84178 1 2 3 4 5 6 7 -8 9 10 11 -12 13 14 15 16 17 18 19 -20 0
uf20-0521 64272 1 2 3 4 5 6 7 -8 -9 10 11 12 13 14 15 -16 17 -18 -19 20 0
uf20-0522 76803 1 2 -3 4 5 6 7 -8 9 -10 11 12 13 14 15 16 17 18 19 20 0
uf20-0523 82300 1 2 3 4 5 6 7 -8 -9 10 -11 12 13 14 15 -16 17 18 19 20 0
uf20-0524 74477 1 -2 3 4 -5 6 7 8 9 10 11 12 13 14 15 -16 -17 18 -19 20 0
uf20-0525 74695 1 2 3 4 5 -6 7 8 -9 10 11 12 -13 14 -15 16 17 18 19 20 0
uf20-0526 79189 -1 2 -3 4 5 6 7 8 9 10 11 12 13 14 -15 16 17 18 19 -20 0
uf20-0527 90604 1 2 3 4 5 6 7 8 9 -10 11 12 13 -14 15 16 17 18 19 20 0
uf20-0528 74454 1 2 3 4 5 -6 7 8 9 10 11 12 -13 -14 15 16 -17 18 19 20 0
uf20-0529 90604 1 -2 3 4 5 6 7 8 9 10 11 12 13 14 15 -16 17 18 19 20 0
uf20-052 93600 1 2 3 4 5 6 -7 8 -9 -10 11 12 13 14 15 16 17 18 19 20 0
uf20-0530 77152 1 2 3 -4 5 6 7 -8 9 -10 11 12 13 14 15 16 17 -18 19 20 0
uf20-0531 86009 1 2 3 4 5 6 7 8 -9 10 -11 12 13 14 15 16 17 18 19 -20 0
uf20-0532 63982 1 2 3 -4 5 6 7 -8 9 10 11 -12 -13 14 15 16 -17 18 -19 20 0
uf20-0533 85596 1 2 3 4 5 6 7 8 -9 10 11 12 13 -14 15 16 17 18 19 -20 0
uf20-0534 84375 1 -2 3 4 5 -6 7 8 9 10 11 12 13 -14 15 16 17 18 19 20 0
uf20-0535 50067 -1 2 3 4 5 6 7 -8 -9 10 -11 12 13 14 -15 16 -17 18 19 -20 0
uf20-0536 71007 1 -2 3 4 -5 6 7 8 9 10 11 12 13 14 15 16 17 -18 -19 -20 0
uf20-0537 84106 -1 2 3 4 -5 6 7 8 9 10 11 12 13 14 15 16 17 18 -19 20 0
uf20-0538 70933 1 2 3 4 5 6 -7 8 9 10 11 12 13 -14 -15 16 -17 18 19 -20 0
uf20-0539 75640 1 2 3 -4 5 -6 7 8 9 10 11 12 13 -14 15 16 -17 18 -19 20 0
uf20-053 93495 1 2 3 -4 5 6 7 8 9 10 11 12 13 14 15 16 17 -18 19 20 0
uf20-0540 68426 -1 -2 3 -4 5 6 7 -8 -9 10 11 12 13 14 15 16 -17 18 19 20 0
uf20-0541 64584 -1 -2 3 4 -5 6 -7 8 9 10 -11 12 13 14 15 16 -17 18 19 20 0
uf20-0542 83367 1 2 3 -4 5 6 -7 8 9 10 11 12 -13 14 15 16 -17 18 19 20 0
uf20-0543 85383 1 2 3 4 5 6 7 -8 -9 10 11 12 13 14 15 16 17 18 19 -20 0
uf20-0544 75472 -1 2 3 4 5 6 7 8 9 10 11 12 -13 14 15 -16 17 18 19 -20 0
uf20-0545 82290 1 2 3 4 5 -6 7 -8 9 10 11 12 13 14 -15 16 17 18 19 -20 0
uf20-0546 70487 -1 2 3 4 5 6 7 8 9 10 11 12 13 -14 15 16 -17 18 19 -20 0
uf20-0547 80256 1 2 3 4 -5 -6 7 8 9 10 11 12 13 14 15 16 17 18 19 20 0
uf20-0548 62521 1 -2 -3 4 5 6 7 8 9 -10 -11 12 13 14 15 16 17 18 -19 20 0
uf20-0549 70315 -1 2 3 4 -5 6 -7 8 9 -10 11 12 13 14 15 -16 17 18 19 20 0
uf20-054 61580 -1 -2 3 -4 5 6 -7 -8 -9 10 11 12 13 14 15 16 17 18 19 20 0
uf20-0550 80351 1 -2 3 -4 5 6 7 8 -9 10 11 12 13 -14 15 16 17 18 19 20 0
uf20-0551 69737 1 -2 3 4 -5 -6 7 8 9 10 -11 12 13 14 15 16 -17 18 19 20 0
uf20-0552 87764 1 2 3 -4 5 6 7 -8 9 10 11 -12 13 14 15 16 17 18 19 20 0
uf20-0553 58701 1 2 3 4 -5 6 7 8 9 -10 -11 12 13 -14 15 -16 -17 18 19 -20 0
uf20-0554 104642 1 2 3 4 5 6 7 8 9 10 11 12 13 14 15 16 17 18 19 20 0
uf20-0555 78119 1 2 3 4 5 6 7 -8 -9 -10 11 12 -13 14 15 16 17 18 19 20 0
uf20-0556 95736 1 2 3 4 5 6 7 8 -9 10 11 12 13 14 15 16 17 18 19 20 0
uf20-0557 59277 1 2 -3 -4 5 6 -7 -8 -9 10 11 -12 13 14 15 16 17 18 -19 20 0
uf20-0558 55579 1 -2 3 -4 5 -6 7 8 9 10 -11 12 -13 14 15 16 17 18 19 -20 0
uf20-0559 67337 1 2 3 4 5 -6 7 8 -9 10 11 -12 13 -14 15 16 17 18 19 -20 0
uf20-055 73317 1 2 3 4 -5 -6 -7 8 9 10 11 -12 13 14 15 16 -17 18 19 20 0
uf20-0560 88191 1 2 3 4 5 -6 7 -8 9 10 11 12 13 14 -15 16 17 18 19 20 0
uf20-0561 88073 -1 2 3 -4 5 6 7 8 9 10 11 -12 13 14 15 16 17 18 19 20 0
uf20-0562 71269 1 2 -3 4 -5 -6 7 8 -9 10 11 12 13 14 15 16 17 18 19 -20 0
uf20-0563 76901 1 -2 3 4 5 6 -7 8 9 10 -11 12 13 14 15 16 17 18 19 -20 0
uf20-0564 68439 1 -2 3 4 5 6 7 -8 9 10 11 -12 13 14 -15 16 -17 18 19 20 0
uf20-0565 70743 1 -2 3 4 5 6 7 8 9 10 -11 12 -13 14 -15 -16 17 18 19 20 0
uf20-0566 71185 1 -2 3 4 -5 -6 7 8 9 10 -11 12 13 14 15 -16 17 18 19 20 0
uf20-0567 69001 1 -2 3 -4 -5 6 7 8 9 10 11 12 13 14 15 16 17 -18 19 -20 0
uf20-0568 80811 1 -2 3 4 -5 6 -7 8 9 10 11 12 13 14 15 16 17 -18 19 20 0
uf20-0569 56375 -1 2 3 4 5 -6 7 8 9 10 11 12 13 -14 15 -16 -17 18 19 -20 0
uf20-056 76523 -1 2 -3 4 5 -6 -7 8 9 10 11 12 13 14 15 16 17 -18 19 20 0
uf20-0570 73971 1 2 3 4 5 6 7 8 9 10 11 12 13 -14 15 -16 -17 18 -19 20 0
uf20-0571 80599 1 -2 -3 -4 5 6 7 8 9 10 11 12 13 14 -15 16 17 18 19 20 0
uf20-0572 74480 -1 2 -3 4 5 6 7 8 9 10 -11 12 13 14 -15 16 17 18 -19 20 0
uf20-0573 80639 -1 2 -3 -4 5 6 7 8 9 10 11 12 13 14 -15 16 17 18 19 20 0
uf20-0574 92295 1 2 3 4 5 6 7 8 9 10 11 12 13 14 15 16 17 -18 -19 -20 0
uf20-0575 69203 1 -2 3 4 5 6 -7 8 9 10 11 12 13 14 15 16 -17 -18 -19 20 0
uf20-0576 76442 1 2 -3 4 5 -6 7 8 9 10 11 12 13 14 15 -16 -17 18 19 20 0
uf20-0577 58691 1 -2 3 4 5 -6 -7 -8 9 10 11 12 13 -14 -15 16 17 -18 19 20 0
uf20-0578 87594 1 2 3 4 5 6 -7 8 9 10 -11 12 13 14 15 16 17 18 19 20 0
uf20-0579 85217 1 2 3 4 -5 6 7 8 9 -10 11 12 -13 14 15 16 17 18 19 20 0
uf20-057 94918 1 2 3 4 5 6 -7 8 9 10 11 12 13 14 -15 16 17 18 19 20 0
uf20-0580 71670 1 -2 -3 4 5 -6 7 8 9 10 11 12 13 14 15 -16 17 18 -19 20 0
uf20-0581 81404 1 -2 3 4 5 6 7 8 9 10 -11 -12 13 14 15 -16 17 18 19 20 0
uf20-0582 90810 1 -2 3 4 5 -6 7 8 9 10 11 12 13 14 15 16 -17 18 19 20 0
uf20-0583 80290 1 2 -3 4 5 -6 7 8 9 10 11 12 13 -14 15 -16 17 18 19 20 0
uf20-0584 55376 1 2 -3 -4 5 6 -7 8 9 -10 -11 -12 13 -14 15 16 17 18 19 20 0
uf20-0585 92210 1 2 3 4 -5 6 7 8 9 10 -11 12 13 14 15 16 17 18 19 20 0
uf20-0586 79296 1 -2 3 4 5 6 7 8 9 10 11 12 13 14 15 16 17 -18 19 -20 0
uf20-0587 52552 1 2 -3 4 5 6 -7 -8 -9 10 11 12 13 -14 15 16 -17 -18 -19 20 0
uf20-0588 68604 1 -2 3 -4 5 6 7 8 9 10 11 -12 -13 14 15 16 17 18 19 20 0
uf20-0589 100048 1 2 3 4 5 6 7 8 9 10 -11 12 13 14 15 16 17 18 19 20 0
uf20-058 72267 1 2 3 -4 5 -6 7 -8 9 10 11 12 13 14 -15 -16 17 18 19 20 0
uf20-0590 58103 -1 -2 3 4 5 6 -7 8 9 10 -11 -12 13 14 15 16 17 18 -19 20 0
uf20-0591 67198 -1 2 3 -4 5 6 7 8 -9 10 11 12 -13 14 15 16 17 18 19 -20 0
uf20-0592 68794 1 -2 3 4 5 6 -7 8 9 10 11 12 13 -14 -15 16 -17 -18 19 20 0
uf20-0593 72419 -1 2 3 4 5 6 -7 -8 9 10 11 12 13 14 15 16 -17 -18 19 20 0
uf20-0594 79611 1 2 -3 4 5 6 7 8 -9 -10 11 12 13 14 15 16 17 18 19 -20 0
uf20-0595 76879 -1 2 3 4 5 6 7 8 9 10 11 12 13 14 -15 16 -17 18 19 -20 0
uf20-0596 68169 1 -2 -3 4 -5 6 -7 8 9 10 -11 12 13 14 15 16 17 18 19 20 0
uf20-0597 121087 1 -2 3 4 5 6 7 8 9 10 -11 12 13 14 -15 -16 17 18 19 20 0
uf20-0598 136919 1 2 3 -4 5 6 7 8 -9 10 11 12 -13 14 15 16 17 -18 19 20 0
uf20-0599 113307 1 -2 3 -4 5 6 7 8 9 10 11 -12 13 14 15 16 -17 18 19 -20 0
uf20-059 141040 1 2 3 4 5 6 7 -8 9 -10 11 12 13 14 15 16 -17 18 19 -20 0
uf20-05 118245 1 2 3 4 5 6 7 8 -9 10 -11 12 13 -14 15 16 -17 18 -19 -20 0
uf20-0600 95222 -1 -2 3 4 5 6 7 8 9 10 11 12 -13 -14 15 -16 17 -18 19 -20 0
uf20-0601 122072 1 2 -3 4 5 6 7 8 -9 10 -11 12 13 -14 15 -16 17 18 19 20 0
uf20-0602 142527 -1 2 3 4 5 -6 7 8 -9 10 11 12 13 14 15 16 17 -18 19 20 0
uf20-0603 128330 1 -2 -3 4 5 6 7 8 -9 10 11 12 -13 14 -15 16 17 18 19 20 0
uf20-0604 152622 1 2 3 4 5 6 7 -8 9 10 11 -12 -13 14 15 16 17 18 19 20 0
uf20-0605 118591 1 2 3 4 5 6 -7 8 9 -10 11 12 13 -14 15 16 17 -18 19 20 0
uf20-0606 134421 -1 2 3 -4 5 6 7 8 9 -10 11 12 13 -14 15 16 17 18 19 20 0
uf20-0607 147164 1 2 3 4 5 6 7 8 -9 10 11 12 13 -14 15 16 -17 18 19 20 0
uf20-0608 104965 -1 2 3 4 5 -6 7 8 -9 10 11 12 13 14 15 16 17 -18 19 -20 0
uf20-0609 114834 -1 2 3 4 -5 -6 7 -8 9 10 11 12 13 14 -15 16 17 18 19 -20 0
uf20-060 167570 1 2 3 -4 5 6 7 8 9 -10 11 12 13 14 15 16 17 18 19 20 0
uf20-0610 139853 1 2 3 -4 5 6 7 8 -9 -10 11 12 13 14 15 16 17 -18 19 20 0
uf20-0611 123564 1 2 3 -4 5 6 7 8 -9 10 11 12 13 14 -15 16 17 18 -19 20 0
uf20-0612 96794 -1 2 3 4 -5 6 -7 8 9 -10 -11 12 -13 14 15 -16 17 18 19 20 0
uf20-0613 113404 -1 2 3 -4 5 6 7 8 -9 -10 11 12 13 14 15 16 -17 18 19 -20 0
uf20-0614 138868 -1 2 3 4 5 6 7 -8 9 10 11 12 13 14 15 16 -17 18 -19 20 0
uf20-0615 126700 1 -2 3 4 -5 6 7 8 -9 10 11 12 13 -14 15 16 17 18 -19 20 0
uf20-0616 90979 1 -2 -3 4 5 6 -7 8 9 -10 11 -12 13 -14 -15 -16 17 18 19 20 0
uf20-0617 116238 1 -2 3 4 5 6 7 8 9 10 -11 12 -13 14 15 16 17 18 -19 -20 0
uf20-0618 154914 -1 2 3 4 5 6 7 8 9 10 11 12 13 14 -15 -16 17 18 19 20 0
uf20-0619 135879 1 -2 -3 4 5 6 7 8 9 10 11 12 13 14 15 16 17 18 19 -20 0
uf20-061 140633 1 2 3 4 5 -6 -7 8 -9 10 11 12 13 14 15 16 17 18 -19 20 0
uf20-0620 105792 -1 2 3 -4 -5 6 7 8 9 10 11 12 13 14 -15 16 -17 18 19 -20 0
uf20-0621 145485 1 2 3 4 5 -6 7 8 9 10 -11 12 13 14 15 16 17 18 -19 20 0
uf20-0622 93177 -1 2 -3 4 5 6 -7 8 9 10 11 -12 13 14 15 16 17 -18 -19 -20 0
uf20-0623 142670 1 2 3 4 5 6 7 8 9 -10 -11 12 13 14 15 16 17 -18 19 20 0
uf20-0624 112902 -1 2 -3 4 5 6 7 8 -9 10 -11 12 -13 14 15 16 17 18 19 -20 0
uf20-0625 136442 -1 2 -3 4 -5 6 7 8 9 10 11 12 13 14 15 16 -17 18 19 20 0
uf20-0626 116228 -1 2 3 -4 -5 -6 -7 8 9 10 11 12 13 14 15 16 17 -18 19 20 0
uf20-0627 126445 1 -2 3 4 5 6 7 8 -9 -10 11 12 13 14 -15 16 17 18 19 20 0
uf20-0628 161265 1 2 3 4 5 6 -7 8 -9 10 11 12 13 14 15 16 17 18 19 20 0
uf20-0629 154300 1 2 3 4 5 6 7 8 9 10 11 -12 13 14 15 16 -17 -18 19 20 0
uf20-062 92670 1 -2 3 -4 5 6 7 8 9 -10 -11 12 13 14 -15 16 17 18 -19 20 0
uf20-0630 133422 1 2 3 4 5 6 7 -8 9 -10 -11 12 13 14 15 -16 17 18 19 -20 0
uf20-0631 137059 1 2 -3 4 5 -6 7 8 9 10 11 -12 13 14 15 -16 17 18 19 20 0
uf20-0632 129738 1 2 3 4 -5 6 -7 8 9 10 11 12 13 14 15 16 17 -18 19 -20 0
uf20-0633 133726 1 2 3 4 -5 6 7 8 9 10 -11 12 -13 -14 15 16 17 18 19 20 0
uf20-0634 122529 1 2 3 -4 5 -6 7 -8 9 10 11 12 13 -14 15 16 17 18 19 20 0
uf20-0635 154762 1 2 3 4 5 6 -7 8 9 10 11 12 13 14 15 16 -17 18 19 -20 0
uf20-0636 110362 1 2 3 4 -5 6 7 8 9 10 11 -12 -13 -14 -15 16 -17 18 19 20 0
uf20-0637 95890 1 2 3 -4 5 6 7 8 9 10 -11 12 13 -14 15 16 -17 -18 -19 -20 0
uf20-0638 124856 1 2 3 4 5 6 7 -8 9 10 11 12 13 14 15 16 -17 18 -19 -20 0
uf20-0639 155645 1 2 3 4 5 6 7 8 9 10 11 12 13 14 15 -16 17 -18 19 20 0
uf20-063 127330 1 2 3 4 5 6 -7 -8 9 10 11 12 -13 14 15 16 17 -18 19 20 0
uf20-0640 114917 1 2 -3 -4 5 6 7 -8 9 10 -11 12 13 -14 15 16 17 18 19 20 0
uf20-0641 123950 1 2 3 -4 5 6 7 8 9 10 -11 -12 -13 14 15 16 17 18 19 -20 0
uf20-0642 106641 -1 2 3 4 5 6 -7 8 -9 -10 -11 12 13 14 15 16 -17 18 19 20 0
uf20-0643 132691 1 2 3 4 5 -6 7 8 -9 10 11 -12 13 14 15 -16 17 18 19 20 0
uf20-0644 142907 -1 2 3 4 5 -6 7 8 9 10 11 12 -13 14 15 16 17 -18 19 20 0
uf20-0645 125253 1 2 -3 4 5 6 -7 8 9 10 -11 12 13 14 15 16 17 18 19 20 0
uf20-0646 138149 1 -2 -3 4 5 6 7 8 9 10 11 12 13 14 15 16 -17 18 19 20 0
uf20-0647 122357 1 2 3 -4 5 6 -7 8 9 10 11 12 13 14 -15 16 -17 -18 19 20 0
uf20-0648 137506 1 2 3 4 5 6 -7 8 9 10 11 12 13 14 15 16 17 -18 19 20 0
uf20-0649 116562 -1 2 3 4 5 -6 7 8 -9 10 11 12 -13 -14 15 16 17 18 19 20 0
uf20-064 110451 1 -2 3 -4 5 6 7 8 9 10 -11 -12 -13 14 15 16 17 18 -19 20 0
uf20-0650 106258 -1 -2 3 -4 5 6 -7 8 -9 10 11 -12 13 14 15 16 17 -18 19 20 0
uf20-0651 132584 1 -2 3 4 5 6 7 8 9 10 -11 -12 -13 14 15 16 17 18 19 20 0
uf20-0652 131009 1 -2 3 4 5 6 7 8 -9 10 11 12 -13 14 -15 16 17 18 19 20 0
uf20-0653 118744 1 2 3 -4 -5 6 7 8 9 -10 11 12 13 14 15 -16 -17 18 19 20 0
uf20-0654 118868 -1 2 -3 4 5 6 7 8 9 10 -11 12 13 14 -15 16 17 18 19 20 0
uf20-0655 109190 1 2 3 4 5 6 -7 8 -9 10 11 12 -13 14 -15 16 -17 18 19 20 0
uf20-0656 99946 1 2 3 -4 5 -6 7 8 9 10 -11 -12 -13 14 -15 16 -17 18 19 20 0
uf20-0657 120716 1 2 -3 4 5 6 7 -8 -9 10 11 12 13 14 -15 16 17 18 -19 20 0
uf20-0658 115970 1 -2 3 4 -5 6 -7 8 9 10 11 12 -13 -14 15 -16 17 18 19 20 0
uf20-0659 130360 1 2 3 4 5 6 -7 8 9 10 11 12 13 -14 -15 16 17 -18 19 20 0
uf20-065 141974 1 2 3 4 -5 6 7 8 -9 10 11 12 13 14 15 16 17 18 19 -20 0
uf20-0660 137562 1 2 -3 4 5 6 -7 8 9 10 11 -12 13 -14 15 16 17 18 19 20 0
uf20-0661 152813 1 2 3 -4 -5 6 7 8 9 10 11 12 13 14 15 16 17 18 -19 20 0
uf20-0662 144884 1 2 3 4 5 6 -7 8 9 -10 -11 12 13 14 15 16 17 18 19 20 0
uf20-0663 107074 1 -2 3 4 5 6 7 8 9 10 -11 12 -13 14 15 -16 17 18 -19 -20 0
uf20-0664 164271 1 2 3 4 5 6 7 8 9 10 11 12 13 -14 -15 16 17 18 19 20 0
uf20-0665 124820 1 2 3 -4 5 6 -7 8 9 -10 11 12 -13 14 -15 16 17 18 19 20 0
uf20-0666 119128 1 2 -3 4 5 6 7 8 -9 10 11 -12 -13 -14 15 16 17 18 19 20 0
uf20-0667 123562 1 2 3 4 5 -6 7 8 -9 10 -11 12 13 14 -15 16 17 18 19 20 0
uf20-0668 170409 1 -2 3 4 5 6 7 8 9 10 11 12 13 14 15 16 17 18 19 20 0
uf20-0669 136849 1 2 3 4 5 6 7 -8 9 10 11 -12 -13 14 15 16 -17 18 19 20 0
uf20-066 158607 1 2 3 4 5 -6 7 -8 9 -10 11 12 13 14 15 16 17 18 19 20 0
uf20-0670 122584 1 -2 3 4 5 -6 7 8 9 10 -11 12 13 14 -15 16 17 18 19 -20 0
uf20-0671 131243 -1 2 3 4 5 6 7 8 9 10 -11 12 13 -14 15 16 17 18 19 20 0
uf20-0672 109822 1 2 3 4 5 6 7 -8 9 10 11 -12 13 -14 15 -16 -17 18 -19 20 0
uf20-0673 73262 -1 -2 3 4 5 -6 -7 8 -9 -10 11 12 13 14 15 -16 17 -18 -19 20 0
uf20-0674 114887 1 -2 3 -4 5 6 7 -8 9 10 11 -12 13 14 15 16 17 18 -19 -20 0
uf20-0675 142818 1 2 3 4 5 6 7 8 9 -10 -11 -12 13 14 15 16 17 18 19 20 0
uf20-0676 116861 1 2 3 4 5 6 7 -8 -9 10 11 12 13 -14 -15 16 17 -18 19 20 0
uf20-0677 128602 -1 2 3 4 5 6 7 8 9 10 11 -12 -13 14 15 16 -17 18 19 20 0
uf20-0678 133110 -1 2 3 4 5 6 7 -8 9 10 11 12 13 -14 -15 16 17 18 19 20 0
uf20-0679 167476 1 2 3 4 5 6 7 8 9 10 11 12 -13 14 15 -16 17 18 19 20 0
uf20-067 122730 1 2 -3 -4 5 6 7 8 9 -10 11 12 -13 -14 15 16 17 18 19 20 0
uf20-0680 166072 1 2 3 4 5 6 7 8 9 10 11 -12 13 14 15 16 17 18 19 20 0
uf20-0681 133514 1 2 3 4 5 6 -7 8 9 10 -11 -12 13 14 15 16 -17 18 19 20 0
uf20-0682 112958 -1 2 -3 -4 -5 6 7 8 -9 10 11 -12 13 14 15 16 17 18 19 20 0
uf20-0683 97884 1 2 -3 -4 5 -6 7 -8 9 10 11 12 13 -14 15 16 -17 18 19 -20 0
uf20-0684 132774 -1 2 3 -4 5 6 7 8 -9 10 -11 12 13 14 15 16 17 18 19 20 0
uf20-0685 128598 -1 2 3 4 5 6 -7 -8 9 10 11 12 13 14 15 -16 17 -18 19 20 0
uf20-0686 105352 1 2 3 4 5 6 -7 8 9 -10 -11 -12 -13 14 15 -16 17 18 19 -20 0
uf20-0687 116992 1 -2 3 4 5 -6 7 8 -9 10 11 12 13 14 -15 -16 -17 18 19 20 0
uf20-0688 145984 1 2 -3 -4 5 6 7 8 9 10 11 12 13 14 15 16 -17 18 19 20 0
uf20-0689 115454 1 2 3 -4 5 6 -7 8 9 10 11 12 13 14 -15 16 -17 -18 19 20 0
uf20-068 143335 1 2 3 4 5 6 7 8 9 -10 11 12 13 14 15 -16 -17 18 19 20 0
uf20-0690 139264 1 2 3 4 5 -6 7 8 9 10 11 12 13 14 15 -16 -17 18 19 20 0
uf20-0691 124598 1 2 -3 4 5 6 7 8 9 10 -11 12 -13 -14 15 16 17 -18 19 20 0
uf20-0692 155872 1 2 -3 4 5 6 7 -8 9 10 11 12 13 14 15 16 17 18 19 20 0
uf20-0693 117297 -1 -2 -3 -4 5 6 7 8 9 10 11 -12 13 14 15 16 17 18 19 20 0
uf20-0694 123420 1 2 -3 4 5 6 -7 -8 9 -10 11 -12 13 14 15 16 17 18 19 20 0
uf20-0695 167599 1 2 3 4 5 6 7 8 9 10 11 -12 13 14 15 16 17 18 19 20 0
uf20-0696 110199 1 2 -3 4 5 -6 7 -8 9 -10 -11 12 13 14 15 -16 17 18 19 -20 0
uf20-0697 142967 1 2 3 -4 5 6 -7 8 9 10 11 12 13 14 15 16 17 18 19 -20 0
uf20-0698 162146 1 2 3 4 5 6 7 8 9 10 11 12 13 14 15 16 17 -18 19 -20 0
uf20-0699 130954 1 -2 3 4 -5 -6 7 8 -9 10 11 12 13 14 15 16 17 -18 19 20 0
uf20-069 146229 1 2 3 4 5 6 -7 8 9 10 11 12 13 14 15 -16 17 18 19 -20 0
uf20-06 160727 1 2 -3 4 5 -6 7 8 9 10 11 12 13 14 15 16 17 18 19 20 0
uf20-0700 139485 -1 2 3 4 5 6 7 8 9 10 11 12 13 14 -15 16 17 -18 19 20 0
uf20-0701 121780 1 2 3 4 -5 6 7 -8 9 10 11 -12 13 -14 15 16 17 18 19 -20 0
uf20-0702 149066 1 2 3 -4 5 6 7 -8 9 10 -11 12 13 14 15 16 17 18 19 20 0
uf20-0703 127438 1 2 3 4 5 6 7 -8 9 10 -11 12 13 -14 -15 16 17 18 19 20 0
uf20-0704 105757 -1 2 3 -4 5 6 7 -8 9 -10 -11 12 13 14 15 16 17 18 -19 20 0
uf20-0705 166348 1 2 3 4 5 6 7 -8 9 10 11 12 13 -14 15 16 17 18 19 20 0
uf20-0706 140356 1 -2 -3 4 5 6 7 8 9 10 11 -12 13 14 15 16 17 18 19 20 0
uf20-0707 135515 1 2 3 4 -5 6 7 -8 9 10 11 12 13 14 15 -16 17 -18 19 20 0
uf20-0708 145738 1 2 3 4 5 6 7 8 9 10 11 12 13 14 -15 -16 17 18 19 20 0
uf20-0709 166870 1 2 3 -4 5 6 7 8 9 10 11 -12 13 14 15 16 17 18 19 20 0
uf20-070 138270 1 2 3 4 5 6 -7 8 9 10 11 -12 13 14 -15 16 17 18 19 -20 0
uf20-0710 109874 1 2 3 -4 -5 6 -7 8 -9 -10 11 12 13 -14 15 16 17 18 19 20 0
uf20-0711 88736 -1 2 3 4 5 -6 -7 -8 9 10 11 12 -13 -14 15 16 17 18 19 -20 0
uf20-0712 124813 1 2 -3 4 5 -6 7 8 -9 -10 -11 12 13 14 15 16 17 18 19 20 0
uf20-0713 143910 1 2 -3 4 5 6 -7 8 9 10 11 -12 13 14 15 16 17 18 19 20 0
uf20-0714 129903 -1 2 3 4 5 -6 -7 8 9 10 11 12 13 14 15 16 17 18 19 20 0
uf20-0715 103698 1 2 -3 4 5 6 -7 8 9 -10 11 -12 13 14 15 -16 17 -18 19 -20 0
uf20-0716 133298 1 2 -3 4 5 6 -7 8 9 10 -11 -12 13 14 15 16 17 18 -19 20 0
uf20-0717 93418 1 -2 3 4 5 -6 7 8 9 -10 11 12 -13 14 15 16 -17 -18 19 -20 0
uf20-0718 107816 1 2 3 4 -5 6 7 -8 9 10 11 12 -13 14 -15 16 -17 -18 19 20 0
uf20-0719 124180 1 2 3 -4 5 6 7 -8 9 -10 11 12 -13 14 15 -16 17 18 19 20 0
uf20-071 120025 1 2 -3 4 -5 6 7 8 9 10 11 12 13 14 -15 16 -17 -18 19 20 0
uf20-0720 152490 1 2 3 4 5 6 7 8 9 10 11 -12 -13 14 15 16 17 18 19 20 0
uf20-0721 152756 1 2 3 4 -5 6 7 8 9 -10 11 12 13 14 -15 16 17 18 19 20 0
uf20-0722 127596 1 -2 3 4 5 6 7 8 -9 10 -11 12 -13 14 15 -16 17 18 19 20 0
uf20-0723 150819 1 -2 3 4 5 6 7 8 9 10 11 12 13 14 15 -16 17 -18 19 20 0
uf20-0724 172267 1 2 3 4 5 6 7 8 -9 10 11 12 13 14 15 16 17 18 19 20 0
uf20-0725 137865 1 2 -3 4 5 6 7 8 9 10 11 12 13 14 -15 16 17 -18 -19 20 0
uf20-0726 126405 1 2 3 4 -5 6 7 8 -9 10 11 12 13 -14 15 -16 17 18 -19 20 0
uf20-0727 142679 1 2 3 4 5 6 -7 8 9 10 11 -12 13 14 15 16 17 -18 19 20 0
uf20-0728 112480 1 -2 3 4 5 6 7 8 -9 10 -11 12 13 -14 15 16 17 18 19 20 0
uf20-0729 109982 1 -2 3 4 5 -6 7 -8 9 10 -11 12 13 14 -15 16 17 -18 19 20 0
uf20-072 122414 1 -2 3 4 5 6 7 8 9 10 11 12 -13 14 15 -16 17 18 19 -20 0
uf20-0730 119211 1 2 3 4 5 -6 -7 8 9 10 -11 -12 13 -14 15 16 -17 18 19 20 0
uf20-0731 124368 1 2 3 4 5 6 -7 8 9 10 11 12 13 14 15 -16 -17 -18 19 -20 0
uf20-0732 136113 1 -2 -3 -4 5 6 7 8 9 10 11 12 13 14 15 16 17 -18 19 20 0
uf20-0733 134813 1 2 3 4 5 -6 7 8 9 10 11 -12 -13 14 15 16 17 18 19 -20 0
uf20-0734 181808 1 2 -3 4 5 6 7 8 9 10 11 12 13 14 15 16 17 18 19 20 0
uf20-0735 121185 1 2 3 4 -5 -6 -7 8 -9 10 11 12 13 14 15 -16 17 -18 19 20 0
uf20-0736 129674 -1 2 3 4 5 6 7 -8 9 10 11 -12 -13 14 15 16 -17 18 19 20 0
uf20-0737 105308 1 2 3 -4 -5 6 -7 -8 9 10 11 -12 13 14 -15 16 17 18 19 -20 0
uf20-0738 118372 1 2 3 -4 -5 6 7 8 -9 10 11 12 13 -14 15 -16 -17 18 19 20 0
uf20-0739 163319 1 2 3 4 5 6 7 8 9 10 11 12 -13 -14 15 16 17 -18 19 20 0
uf20-073 173844 1 2 3 4 5 6 7 8 9 10 11 12 13 -14 15 16 17 18 19 20 0
uf20-0740 165178 1 2 3 4 5 6 7 8 -9 10 11 12 -13 14 15 16 17 18 19 20 0
uf20-0741 119598 1 2 3 4 -5 6 7 8 9 10 -11 12 -13 -14 15 16 17 18 -19 20 0
uf20-0742 147248 1 2 3 4 5 -6 7 8 9 10 11 12 -13 14 15 16 17 18 -19 20 0
uf20-0743 125699 1 2 3 4 5 -6 7 8 -9 -10 11 -12 13 14 15 16 17 18 19 20 0
uf20-0744 140576 1 2 3 4 -5 -6 7 8 9 10 11 -12 13 -14 15 16 17 18 19 20 0
uf20-0745 141421 1 2 -3 4 5 6 7 8 9 -10 11 -12 13 14 15 -16 17 18 19 20 0
uf20-0746 158135 1 2 3 4 5 6 7 8 9 10 11 12 13 14 15 16 -17 18 19 -20 0
uf20-0747 147775 1 2 -3 4 5 6 -7 8 9 10 -11 12 13 14 15 16 17 18 19 20 0
uf20-0748 99589 1 -2 3 4 -5 6 7 8 9 10 11 -12 13 -14 -15 16 -17 18 -19 20 0
uf20-0749 191035 1 2 3 4 5 6 -7 8 9 10 11 12 13 14 15 16 17 18 19 20 0
uf20-074 151830 1 2 3 4 5 6 -7 8 9 10 11 12 -13 14 15 16 17 18 -19 20 0
uf20-0750 177754 1 2 3 4 5 6 7 8 9 -10 11 -12 13 14 15 16 17 18 19 20 0
uf20-0751 109283 -1 2 3 4 5 6 7 8 -9 -10 11 12 13 14 15 -16 17 -18 19 20 0
uf20-0752 119259 1 -2 3 -4 5 6 7 8 9 10 11 12 -13 -14 15 16 17 18 -19 -20 0
uf20-0753 129730 1 2 -3 4 5 6 -7 8 9 10 11 12 13 14 15 16 -17 18 19 -20 0
uf20-0754 146771 1 2 3 4 5 6 7 8 9 10 -11 12 -13 14 -15 16 17 18 19 20 0
uf20-0755 142697 1 2 3 4 5 -6 -7 8 9 10 -11 -12 13 14 15 16 17 18 19 20 0
uf20-0756 131587 1 2 3 4 5 -6 7 8 9 -10 11 12 -13 -14 15 16 -17 18 19 20 0
uf20-0757 161103 1 2 3 4 5 6 -7 8 -9 10 11 12 13 14 15 16 17 18 19 20 0
uf20-0758 169560 1 2 3 4 5 -6 7 8 9 10 11 12 13 14 15 16 17 18 -19 20 0
uf20-0759 150150 1 2 3 4 5 -6 -7 8 9 10 11 12 13 14 15 16 17 -18 -19 20 0
uf20-075 115572 1 -2 3 4 5 6 7 -8 9 10 11 -12 13 -14 15 16 -17 18 19 -20 0
uf20-0760 132210 1 2 3 4 5 6 7 -8 9 -10 -11 12 13 -14 -15 16 17 18 19 20 0
uf20-0761 161043 1 2 3 4 5 -6 7 8 9 10 11 -12 13 14 15 16 17 18 19 20 0
uf20-0762 144883 1 2 3 4 5 -6 -7 8 9 10 -11 12 13 14 15 16 -17 18 19 20 0
uf20-0763 169006 1 2 3 4 5 6 -7 8 9 10 11 12 13 14 15 16 17 18 -19 20 0
uf20-0764 158857 1 2 3 4 5 6 7 8 -9 10 11 12 13 14 -15 -16 17 18 19 20 0
uf20-0765 145496 -1 -2 3 4 5 6 7 8 9 10 11 12 13 14 -15 16 17 18 19 -20 0
uf20-0766 133484 1 2 -3 4 5 6 7 8 -9 10 11 12 -13 14 15 16 -17 18 19 20 0
uf20-0767 139015 1 2 3 4 5 6 7 8 -9 10 11 12 -13 14 -15 16 -17 18 19 20 0
uf20-0768 116765 -1 2 3 -4 -5 6 7 -8 -9 10 11 12 13 14 -15 16 17 18 19 20 0
uf20-0769 121113 1 2 -3 4 5 6 -7 8 -9 10 11 12 13 14 -15 16 -17 18 19 -20 0
uf20-076 117429 1 -2 3 4 -5 -6 7 -8 9 10 -11 12 13 14 15 16 17 18 19 -20 0
uf20-0770 164813 1 2 3 4 5 6 7 8 9 10 11 12 13 14 15 16 -17 18 19 20 0
uf20-0771 133782 1 2 3 4 5 6 7 8 9 10 11 -12 13 14 15 -16 17 18 -19 -20 0
uf20-0772 148394 1 2 3 4 -5 6 7 8 9 10 11 12 13 14 15 16 17 18 -19 -20 0
uf20-0773 130442 1 -2 3 4 5 6 7 8 -9 10 -11 -12 -13 14 15 16 17 18 19 20 0
uf20-0774 113793 1 -2 3 4 -5 -6 7 8 -9 10 11 12 13 -14 15 16 -17 18 19 20 0
uf20-0775 95439 1 2 -3 4 5 -6 -7 -8 9 10 11 12 -13 14 -15 -16 -17 18 19 20 0
uf20-0776 133656 1 2 -3 4 5 6 7 -8 9 10 11 12 13 14 -15 16 -17 18 19 20 0
uf20-0777 147406 1 2 3 4 5 6 7 8 9 10 -11 -12 -13 14 15 16 17 18 19 20 0
uf20-0778 111131 1 2 3 4 5 -6 -7 8 -9 10 11 12 -13 14 15 16 -17 18 -19 20 0
uf20-0779 131362 1 2 -3 4 -5 6 7 8 9 10 11 12 13 -14 15 -16 17 18 -19 20 0
uf20-077 110528 1 2 -3 4 5 6 7 -8 9 -10 11 12 13 14 15 16 17 -18 19 20 0
uf20-0780 157942 1 -2 3 4 -5 6 7 8 9 10 11 12 13 14 15 16 -17 18 19 20 0
uf20-0781 125462 1 2 3 4 -5 -6 -7 8 9 10 11 -12 13 14 15 16 17 18 19 -20 0
uf20-0782 111430 1 -2 3 -4 5 6 7 -8 9 10 -11 12 13 14 15 16 -17 -18 19 20 0
uf20-0783 145438 1 2 3 4 5 -6 7 8 9 10 11 -12 13 14 -15 -16 17 18 19 20 0
uf20-0784 117084 1 2 -3 4 5 -6 7 8 9 10 11 12 13 14 15 16 -17 -18 19 20 0
uf20-0785 106014 -1 2 3 -4 -5 6 7 8 9 10 11 12 13 -14 15 16 17 -18 -19 20 0
uf20-0786 150465 1 2 3 4 5 6 7 8 9 10 11 12 13 14 -15 16 -17 -18 19 20 0
uf20-0787 104717 -1 2 3 4 -5 -6 -7 -8 9 10 11 12 13 14 15 -16 17 18 19 20 0
uf20-0788 161821 1 2 3 4 5 6 7 8 9 10 11 -12 13 -14 15 16 17 18 19 20 0
uf20-0789 165035 1 2 3 4 -5 6 7 -8 9 10 11 12 -13 14 15 16 17 18 19 20 0
uf20-078 120098 1 -2 3 4 5 6 -7 8 9 -10 11 12 -13 14 15 -16 17 18 19 20 0
uf20-0790 151612 1 2 3 -4 5 -6 7 8 9 10 11 12 13 14 -15 16 17 18 19 20 0
uf20-0791 151976 1 2 -3 4 -5 6 -7 8 9 10 11 12 13 -14 15 16 17 18 19 20 0
uf20-0792 91672 1 2 -3 4 -5 6 7 8 9 -10 11 -12 13 -14 15 -16 17 18 19 -20 0
uf20-0793 148118 1 2 3 4 5 6 7 8 9 10 11 -12 13 14 15 16 17 -18 -19 20 0
uf20-0794 158188 1 2 3 4 5 6 7 8 9 10 11 12 13 14 -15 16 -17 18 -19 20 0
uf20-0795 124227 -1 2 3 4 5 6 7 8 9 10 11 12 -13 -14 15 16 17 18 -19 -20 0
uf20-0796 116371 1 -2 3 -4 5 6 7 8 9 10 11 12 -13 -14 -15 -16 17 18 19 20 0
uf20-0797 152946 1 2 3 -4 5 6 7 8 9 10 11 12 -13 14 15 16 17 18 19 -20 0
uf20-0798 165592 1 2 3 4 5 6 7 -8 9 10 11 -12 13 14 15 16 17 18 -19 20 0
uf20-0799 126850 1 2 3 -4 5 6 -7 8 -9 10 11 12 13 14 15 16 17 18 19 -20 0
uf20-079 123048 1 -2 3 4 5 6 -7 8 9 10 11 12 -13 -14 15 -16 17 18 19 20 0
uf20-07 121524 -1 2 3 4 -5 6 7 8 9 -10 11 12 13 14 15 -16 -17 18 19 20 0
uf20-0800 144693 1 2 3 4 5 6 7 8 9 -10 11 12 13 14 -15 -16 17 18 19 -20 0
uf20-0801 177771 1 2 3 4 5 6 7 8 9 10 11 12 -13 14 15 16 17 18 19 20 0
uf20-0802 143230 1 -2 3 4 5 6 7 8 9 10 11 12 13 -14 15 16 17 18 19 20 0
uf20-0803 150914 -1 2 3 4 5 6 7 -8 9 10 -11 12 13 14 15 16 17 18 19 20 0
uf20-0804 127609 1 2 3 4 5 6 7 8 -9 10 11 12 -13 14 15 -16 17 -18 19 20 0
uf20-0805 163645 1 2 3 4 5 6 7 8 9 10 11 12 13 14 15 16 -17 -18 19 20 0
uf20-0806 132228 -1 2 -3 4 5 6 7 8 9 10 11 12 13 14 15 -16 17 -18 -19 20 0
uf20-0807 116417 1 -2 3 4 5 6 7 8 -9 -10 11 12 13 14 15 16 17 18 19 -20 0
uf20-0808 130369 1 2 3 -4 5 -6 -7 8 9 10 11 12 13 -14 15 16 17 -18 19 20 0
uf20-0809 123845 -1 -2 3 4 5 6 7 8 9 10 -11 12 13 14 15 16 17 18 19 -20 0
uf20-080 145486 1 2 3 -4 5 6 7 8 9 -10 11 12 13 14 15 16 17 -18 19 20 0
uf20-0810 104675 -1 2 3 4 5 6 7 8 -9 10 -11 -12 13 14 15 -16 17 -18 19 -20 0
uf20-0811 152964 1 2 3 4 5 6 7 8 9 10 11 -12 -13 14 15 16 17 18 19 -20 0
uf20-0812 149812 1 2 -3 4 5 6 7 8 9 -10 11 12 -13 14 15 16 17 18 19 -20 0
uf20-0813 128916 1 2 3 4 5 -6 7 -8 9 10 11 12 -13 14 -15 16 -17 18 19 20 0
uf20-0814 135018 1 2 3 4 5 6 -7 8 9 -10 11 -12 13 14 15 16 -17 18 19 20 0
uf20-0815 145191 1 2 3 4 5 6 7 8 9 -10 11 12 13 14 15 16 17 -18 19 -20 0
uf20-0816 117839 1 2 3 -4 5 6 7 -8 -9 -10 11 12 13 14 15 -16 17 18 19 20 0
uf20-0817 100975 -1 2 -3 4 -5 6 7 8 9 10 11 12 -13 -14 -15 16 -17 18 19 20 0
uf20-0818 142041 1 -2 3 -4 -5 6 7 8 9 10 11 12 -13 14 15 16 17 18 19 20 0
uf20-0819 145542 1 2 -3 4 5 6 7 8 9 -10 11 -12 13 14 15 16 17 18 19 20 0
uf20-081 149827 1 2 3 4 5 6 7 8 9 10 11 12 13 -14 15 16 17 18 -19 -20 0
uf20-0820 137634 1 2 3 4 5 -6 7 8 -9 -10 11 12 13 14 15 16 17 18 19 -20 0
uf20-0821 105803 1 2 3 4 -5 6 7 8 -9 10 -11 12 -13 -14 15 16 17 18 -19 -20 0
uf20-0822 102276 -1 2 -3 -4 5 -6 7 8 9 10 11 12 13 14 15 -16 17 18 -19 20 0
uf20-0823 125264 1 -2 3 4 -5 6 7 8 -9 10 11 12 13 14 -15 16 17 18 -19 20 0
uf20-0824 131132 1 -2 3 -4 5 -6 7 -8 9 10 11 12 13 14 15 16 17 18 19 20 0
uf20-0825 128626 -1 2 -3 4 5 6 -7 -8 9 -10 11 12 13 14 15 16 17 18 19 20 0
uf20-0826 155074 1 -2 3 4 5 6 7 -8 9 10 11 12 13 -14 15 16 17 18 19 20 0
uf20-0827 118344 1 -2 -3 4 5 6 7 -8 9 10 11 12 13 14 -15 16 17 18 19 -20 0
uf20-0828 142390 1 -2 3 -4 -5 6 7 8 9 10 11 12 13 14 15 16 17 -18 19 20 0
uf20-0829 129820 1 2 3 4 -5 6 -7 8 9 10 11 12 -13 14 15 16 17 18 19 20 0
uf20-082 132700 1 2 3 4 5 -6 -7 -8 9 10 11 12 13 14 -15 16 17 18 -19 20 0
uf20-0830 132904 1 -2 3 -4 5 6 -7 8 9 10 11 12 13 14 15 16 17 -18 19 20 0
uf20-0831 140772 -1 2 3 4 5 6 7 8 9 10 11 12 13 -14 15 16 17 -18 19 20 0
uf20-0832 102587 1 2 3 4 5 -6 -7 8 -9 -10 11 -12 13 -14 -15 16 17 18 19 20 0
uf20-0833 106361 -1 2 3 -4 5 6 -7 8 -9 10 -11 12 13 14 15 16 17 18 19 -20 0
uf20-0834 109380 -1 2 3 4 -5 6 7 8 9 10 11 -12 13 14 15 16 17 -18 -19 -20 0
uf20-0835 149729 1 -2 3 4 5 6 7 8 9 -10 11 12 13 14 15 -16 17 18 19 20 0
uf20-0836 149198 1 2 3 -4 5 6 7 -8 9 10 11 12 13 -14 15 16 17 18 -19 20 0
uf20-0837 102572 1 2 3 -4 5 -6 7 8 9 -10 11 12 13 14 -15 -16 17 18 -19 20 0
uf20-0838 101779 -1 2 -3 4 -5 -6 7 8 9 10 11 12 -13 14 15 -16 17 18 -19 20 0
uf20-0839 128283 1 2 -3 4 -5 6 7 8 -9 10 11 12 13 -14 15 16 17 -18 -19 20 0
uf20-083 143449 1 2 3 4 -5 -6 -7 8 9 10 11 12 13 14 15 16 17 18 -19 20 0
uf20-0840 154714 1 -2 3 4 5 6 7 8 9 10 11 12 13 -14 -15 16 17 18 19 20 0
uf20-0841 136339 1 2 3 4 5 -6 -7 8 9 10 -11 12 13 14 15 16 17 18 -19 20 0
uf20-0842 108946 1 -2 3 -4 5 6 7 -8 9 10 11 12 -13 -14 -15 16 17 18 19 20 0
uf20-0843 102306 1 -2 3 4 -5 6 -7 -8 9 -10 11 12 -13 14 15 16 17 18 19 -20 0
uf20-0844 172580 1 2 3 4 5 6 7 8 9 10 11 12 -13 14 15 16 17 18 19 20 0
uf20-0845 140820 1 -2 3 4 5 -6 7 8 9 10 11 12 13 -14 15 16 17 18 19 20 0
uf20-0846 172080 1 2 3 4 5 6 7 8 9 10 11 12 13 14 15 16 17 -18 19 20 0
uf20-0847 129367 -1 2 3 4 5 -6 -7 8 9 10 11 12 13 14 15 16 -17 18 19 -20 0
uf20-0848 131671 1 2 3 4 5 -6 7 -8 -9 10 -11 12 -13 14 15 16 17 18 19 20 0
uf20-0849 165033 1 2 3 4 5 6 7 8 9 10 11 -12 13 14 15 16 17 18 -19 20 0
uf20-084 168527 1 -2 3 4 -5 6 7 8 9 10 11 -12 13 14 15 16 17 18 19 20 0
uf20-0850 109303 1 -2 -3 -4 5 -6 -7 8 9 -10 11 12 13 14 15 16 17 18 19 20 0
uf20-0851 114218 1 2 3 -4 5 -6 7 8 9 10 11 12 13 -14 15 16 -17 18 19 -20 0
uf20-0852 114315 1 2 3 -4 5 -6 7 8 9 -10 11 12 13 -14 -15 16 17 18 19 -20 0
uf20-0853 113736 1 2 -3 4 5 6 -7 -8 9 10 11 -12 13 14 -15 16 17 18 19 -20 0
uf20-0854 103684 1 -2 3 -4 -5 6 7 8 9 -10 -11 12 -13 14 -15 16 17 18 19 20 0
uf20-0855 165031 -1 2 -3 4 5 6 7 8 9 10 11 12 13 14 15 16 17 18 19 20 0
uf20-0856 99640 -1 -2 3 -4 5 -6 7 8 9 10 11 12 13 14 15 16 17 -18 19 -20 0
uf20-0857 108081 1 -2 3 4 -5 6 -7 8 -9 10 11 12 -13 14 15 16 17 18 -19 -20 0
uf20-0858 124371 1 -2 3 4 5 6 7 8 -9 10 -11 12 -13 -14 15 16 17 18 19 20 0
uf20-0859 152448 1 2 -3 -4 5 6 7 8 9 10 11 12 -13 14 15 16 17 18 -19 20 0
uf20-085 155530 1 2 -3 4 5 6 7 8 9 10 11 12 13 -14 15 -16 17 18 19 20 0
uf20-0860 130219 1 -2 -3 4 5 6 7 8 9 10 11 12 -13 14 -15 16 -17 18 19 20 0
uf20-0861 106880 1 2 -3 4 5 -6 7 8 9 10 11 -12 13 14 -15 -16 17 -18 -19 20 0
uf20-0862 125026 1 2 3 4 5 6 7 -8 -9 -10 -11 12 13 14 15 16 17 18 19 20 0
uf20-0863 142056 -1 2 3 4 5 6 7 8 9 10 11 12 -13 14 15 16 17 -18 19 20 0
uf20-0864 174491 1 2 3 4 5 6 7 8 -9 10 11 12 13 14 15 16 17 18 19 20 0
uf20-0865 52665 1 2 3 4 5 6 -7 8 9 -10 11 12 13 14 15 16 -17 18 -19 -20 0
uf20-0866 47736 1 2 3 4 -5 6 -7 8 9 10 11 12 -13 14 -15 -16 17 18 -19 20 0
uf20-0867 71689 1 -2 3 4 5 6 7 8 9 -10 11 12 13 14 15 16 17 18 19 -20 0
uf20-0868 53686 1 2 3 4 5 -6 7 8 9 -10 11 12 13 -14 15 16 -17 18 -19 20 0
uf20-0869 61312 1 2 -3 4 5 -6 7 8 -9 10 11 12 13 14 15 -16 17 18 19 20 0
uf20-086 49112 1 -2 3 -4 5 6 7 -8 9 10 11 12 13 14 15 16 17 -18 -19 20 0
uf20-0870 59829 1 2 3 4 5 -6 7 -8 -9 10 11 12 13 14 15 16 17 -18 19 20 0
uf20-0871 55037 1 2 -3 -4 5 6 7 8 9 10 11 -12 13 14 -15 16 17 18 -19 20 0
uf20-0872 41123 -1 2 3 4 -5 -6 7 8 -9 10 11 -12 13 14 15 -16 17 18 -19 20 0
uf20-0873 74721 1 2 3 4 5 6 7 8 -9 10 11 12 13 14 15 16 17 -18 19 20 0
uf20-0874 70938 1 2 3 4 5 6 7 8 -9 10 11 -12 13 14 15 16 17 18 19 20 0
uf20-0875 58799 -1 2 3 -4 5 6 -7 8 9 10 11 12 13 14 -15 16 17 18 19 20 0
uf20-0876 56633 1 2 3 -4 5 6 7 8 9 -10 -11 12 13 14 15 16 17 18 19 20 0
uf20-0877 45068 1 2 -3 4 -5 -6 7 8 -9 -10 -11 12 13 -14 15 16 17 18 19 20 0
uf20-0878 43310 -1 -2 -3 4 -5 -6 7 8 9 10 11 12 13 -14 15 16 -17 18 19 20 0
uf20-0879 63835 1 -2 3 -4 5 6 7 8 9 10 11 12 13 14 -15 -16 17 18 19 20 0
uf20-087 59331 1 2 3 -4 5 6 -7 8 -9 10 11 12 13 14 15 -16 17 18 19 20 0
uf20-0880 57078 1 2 3 4 5 6 -7 8 9 10 11 12 -13 14 15 16 17 18 -19 -20 0
uf20-0881 59549 1 2 3 4 5 6 7 8 9 10 -11 -12 13 -14 -15 16 17 18 19 20 0
uf20-0882 74583 1 2 3 4 -5 6 7 8 9 10 11 -12 13 14 15 16 17 18 19 20 0
uf20-0883 48954 1 -2 -3 4 5 6 7 8 -9 10 -11 12 -13 14 -15 16 17 18 19 20 0
uf20-0884 68195 1 2 3 4 5 6 7 8 9 10 11 -12 13 14 15 16 17 -18 19 20 0
uf20-0885 58023 1 2 3 -4 -5 6 7 8 9 -10 11 12 13 14 -15 -16 17 18 19 20 0
uf20-0886 69946 1 2 3 -4 5 6 7 8 9 10 11 12 13 14 -15 16 17 18 -19 20 0
uf20-0887 51602 -1 2 3 4 -5 6 7 -8 9 -10 -11 12 13 14 15 16 17 18 -19 20 0
uf20-0888 60690 1 2 3 -4 5 6 -7 8 9 10 11 -12 13 14 15 16 17 18 19 20 0
uf20-0889 57541 1 -2 3 4 5 -6 -7 8 9 10 11 12 13 14 15 -16 -17 18 19 20 0
uf20-088 65551 1 2 3 4 -5 6 7 8 9 10 11 12 13 14 15 16 -17 18 -19 20 0
uf20-0890 51494 1 2 3 -4 -5 -6 7 8 -9 -10 11 12 13 -14 15 16 17 18 19 20 0
uf20-0891 55861 -1 2 -3 4 5 6 7 8 9 10 11 12 13 14 15 16 17 18 -19 -20 0
uf20-0892 57165 1 2 -3 4 5 6 7 8 9 10 11 12 13 -14 -15 16 17 18 -19 -20 0
uf20-0893 52710 -1 2 3 4 -5 6 7 8 9 10 11 12 -13 14 15 16 -17 -18 19 -20 0
uf20-0894 76349 1 2 3 4 5 6 7 8 9 10 11 12 13 14 15 -16 17 18 19 20 0
uf20-0895 52101 1 2 -3 4 5 6 -7 8 9 10 11 -12 -13 14 15 16 17 18 19 -20 0
uf20-0896 48270 -1 -2 3 -4 5 6 7 8 9 10 11 12 -13 14 15 -16 17 -18 -19 20 0
uf20-0897 62750 1 2 3 4 5 -6 7 8 -9 10 11 12 13 14 15 16 17 18 19 -20 0
uf20-0898 45951 -1 -2 -3 -4 -5 6 7 8 9 10 11 12 13 -14 15 16 17 18 19 20 0
uf20-0899 67751 1 2 3 -4 5 6 7 8 9 10 -11 12 13 14 15 -16 17 18 19 20 0
uf20-089 45455 1 -2 -3 4 5 6 7 8 -9 10 11 12 13 -14 -15 -16 17 18 19 20 0
uf20-08 55181 1 2 3 4 -5 6 7 -8 9 10 11 12 13 14 15 16 -17 -18 -19 20 0
uf20-0900 55740 1 -2 3 4 5 6 -7 8 9 10 -11 12 13 14 -15 16 17 18 -19 20 0
uf20-0901 71848 1 2 3 -4 5 6 7 8 9 10 -11 12 13 14 15 16 17 18 19 20 0
uf20-0902 56565 1 2 3 4 5 -6 7 8 9 -10 11 12 13 14 15 16 17 -18 -19 -20 0
uf20-0903 55565 1 -2 3 4 5 6 7 8 -9 10 11 12 13 -14 -15 16 -17 18 19 20 0
uf20-0904 51085 1 -2 3 4 5 6 7 8 -9 10 -11 12 13 14 15 16 -17 18 19 -20 0
uf20-0905 52376 -1 2 3 4 5 -6 7 -8 9 -10 11 12 13 14 15 -16 17 18 19 20 0
uf20-0906 52408 1 2 3 4 5 6 7 8 -9 -10 11 12 13 -14 -15 -16 17 18 19 20 0
uf20-0907 45073 -1 2 3 4 5 6 7 -8 9 10 11 12 -13 -14 15 16 -17 18 -19 20 0
uf20-0908 50454 1 -2 3 4 -5 6 7 -8 9 10 11 -12 13 14 15 -16 17 -18 19 20 0
uf20-0909 50301 -1 2 3 4 5 -6 -7 8 9 10 -11 -12 13 14 15 16 17 18 -19 20 0
uf20-090 70795 1 2 3 4 5 6 7 8 -9 10 11 12 13 14 15 16 17 18 19 20 0
uf20-0910 52913 1 -2 3 -4 5 -6 7 8 9 10 11 12 13 14 15 -16 17 18 -19 20 0
uf20-0911 56646 -1 2 -3 -4 5 6 7 8 9 10 11 12 13 14 15 16 17 -18 19 20 0
uf20-0912 45714 1 -2 3 4 -5 6 -7 8 9 10 11 12 -13 14 15 -16 -17 18 19 -20 0
uf20-0913 57183 1 2 3 4 5 -6 7 8 9 10 11 12 -13 14 15 16 -17 18 19 -20 0
uf20-0914 54707 1 -2 3 4 5 -6 7 -8 9 -10 11 12 13 14 15 16 17 -18 19 20 0
uf20-0915 49522 -1 2 -3 4 5 6 -7 8 -9 10 11 12 13 14 15 16 17 18 19 -20 0
uf20-0916 64076 1 2 -3 4 5 -6 7 8 -9 10 11 12 13 14 15 16 17 18 19 20 0
uf20-0917 51119 1 2 -3 4 5 -6 7 8 9 10 11 12 13 -14 15 -16 17 18 19 -20 0
uf20-0918 62645 1 2 -3 -4 5 6 -7 8 9 10 11 12 13 -14 15 16 17 18 19 20 0
uf20-0919 60694 1 2 3 4 5 6 7 -8 9 10 11 12 13 14 -15 -16 17 -18 19 20 0
uf20-091 60156 -1 2 3 4 5 6 -7 -8 9 10 -11 12 13 14 15 16 17 18 19 20 0
uf20-0920 76343 1 2 3 4 5 6 7 8 -9 10 11 12 13 14 15 16 17 18 19 20 0
uf20-0921 66171 1 -2 3 -4 5 -6 7 8 9 10 11 12 13 14 15 16 17 18 19 20 0
uf20-0922 66274 1 2 -3 4 5 6 -7 8 9 10 11 -12 13 14 15 16 17 18 19 20 0
uf20-0923 62495 1 2 3 -4 -5 -6 7 8 9 10 11 12 13 -14 15 16 17 18 19 20 0
uf20-0924 58242 1 2 3 4 5 6 7 8 9 -10 11 12 -13 14 -15 16 17 -18 -19 20 0
uf20-0925 57637 -1 2 3 4 5 6 -7 8 9 10 11 12 13 14 15 16 17 18 19 -20 0
uf20-0926 64312 1 2 -3 4 5 6 7 8 9 10 11 12 13 14 15 -16 -17 18 19 20 0
uf20-0927 51984 -1 -2 -3 4 5 6 7 8 9 10 -11 12 -13 14 15 16 17 18 19 -20 0
uf20-0928 60285 1 2 -3 4 5 -6 7 8 9 10 11 12 13 14 15 -16 17 18 19 20 0
uf20-0929 58121 1 2 -3 4 5 6 7 -8 9 -10 11 12 13 -14 15 16 17 18 19 -20 0
uf20-092 77604 1 2 3 4 5 6 7 8 9 -10 11 12 13 14 15 16 17 18 19 20 0
uf20-0930 56984 1 2 3 4 5 -6 7 8 9 10 11 -12 -13 14 15 16 17 18 -19 20 0
uf20-0931 61764 1 2 3 4 5 6 7 -8 9 10 11 12 -13 -14 -15 16 17 18 19 20 0
uf20-0932 60531 1 2 3 4 5 -6 7 8 -9 -10 11 12 13 14 -15 16 17 18 19 20 0
uf20-0933 51190 -1 2 3 4 -5 6 -7 -8 9 -10 11 12 13 14 15 16 17 18 19 -20 0
uf20-0934 62301 1 2 3 4 5 -6 7 8 9 -10 11 -12 13 14 15 16 17 18 19 -20 0
uf20-0935 66709 1 2 3 4 5 6 7 8 9 10 -11 12 13 14 15 16 -17 18 19 20 0
uf20-0936 54059 1 -2 3 4 5 6 7 8 9 10 11 12 -13 14 15 16 17 -18 19 -20 0
uf20-0937 45126 1 2 -3 -4 5 6 7 8 -9 10 11 12 -13 14 15 -16 17 18 -19 20 0
uf20-0938 55542 -1 2 -3 4 5 6 7 8 9 10 -11 12 13 14 15 16 -17 18 -19 20 0
uf20-0939 48626 -1 2 3 4 5 6 7 8 -9 10 11 12 -13 14 -15 16 -17 18 -19 20 0
uf20-093 48158 1 2 3 -4 5 6 7 -8 -9 10 -11 12 13 14 15 -16 17 -18 19 20 0
uf20-0940 54153 1 2 3 4 5 6 7 -8 9 10 -11 12 -13 14 15 -16 17 -18 19 20 0
uf20-0941 41315 -1 2 3 -4 5 -6 -7 8 9 10 11 -12 13 -14 15 16 17 -18 -19 20 0
uf20-0942 55514 1 2 3 4 5 -6 7 8 9 -10 11 12 13 14 15 -16 17 18 19 20 0
uf20-0943 56763 -1 2 3 4 5 -6 7 8 -9 -10 11 12 13 14 15 16 17 18 19 20 0
uf20-0944 60547 1 2 -3 4 5 6 7 8 9 10 11 12 13 -14 15 16 17 -18 19 20 0
uf20-0945 62031 1 2 -3 4 5 6 7 8 9 10 11 12 -13 14 15 -16 -17 18 19 20 0
uf20-0946 60084 1 2 3 -4 5 6 7 8 9 -10 11 12 13 14 -15 16 -17 18 19 20 0
uf20-0947 56420 1 -2 -3 4 -5 6 7 8 9 10 11 12 13 14 15 16 17 18 19 20 0
uf20-0948 72447 1 2 -3 4 5 -6 7 8 9 10 11 12 13 14 15 16 17 18 19 20 0
uf20-0949 48819 1 2 -3 4 -5 6 -7 -8 9 10 11 12 13 -14 15 16 17 -18 19 20 0
uf20-094 59704 1 2 3 -4 5 6 -7 8 9 10 11 12 13 -14 -15 16 17 -18 19 20 0
uf20-0950 59843 1 -2 3 4 5 6 7 8 -9 10 11 12 13 14 -15 16 17 -18 19 20 0
uf20-0951 53349 1 2 -3 4 -5 6 7 8 9 10 -11 12 13 -14 15 16 17 18 -19 20 0
uf20-0952 53007 -1 -2 3 4 5 6 7 8 9 10 11 -12 13 -14 15 16 17 18 -19 20 0
uf20-0953 50945 -1 -2 3 4 5 6 7 8 9 10 -11 12 -13 -14 15 16 17 18 19 20 0
uf20-0954 70955 1 -2 3 4 -5 6 7 -8 9 10 11 12 13 14 15 16 17 18 19 20 0
uf20-0955 64902 1 2 3 4 -5 6 7 8 9 10 11 -12 13 14 15 16 17 -18 19 20 0
uf20-0956 48856 1 -2 3 -4 5 6 7 -8 9 10 11 -12 -13 14 15 16 17 18 19 -20 0
uf20-0957 60159 1 -2 3 4 -5 6 7 8 9 10 11 12 13 14 15 16 17 18 -19 20 0
uf20-0958 50318 -1 2 3 4 -5 6 -7 8 9 10 -11 12 13 -14 15 16 -17 18 19 20 0
uf20-0959 61910 1 2 3 4 -5 6 7 8 9 10 11 -12 13 -14 15 16 -17 18 19 20 0
uf20-095 60495 1 2 3 4 -5 6 7 8 -9 10 11 12 13 14 15 16 17 -18 -19 20 0
uf20-0960 58881 1 2 3 4 5 6 7 8 9 10 -11 -12 13 14 15 16 -17 -18 19 -20 0
uf20-0961 35854 1 2 -3 -4 -5 -6 7 8 9 10 11 -12 -13 -14 15 -16 17 18 -19 20 0
uf20-0962 47186 1 2 -3 4 -5 6 7 -8 9 10 -11 -12 13 -14 15 16 17 18 19 20 0
uf20-0963 50668 1 -2 -3 4 5 6 7 8 9 -10 -11 -12 13 -14 15 16 17 18 19 20 0
uf20-0964 61726 1 2 -3 4 5 6 -7 8 9 10 11 12 -13 14 15 16 17 -18 19 20 0
uf20-0965 59949 1 2 3 4 5 6 7 8 9 10 11 12 13 14 15 16 -17 -18 19 20 0
uf20-0966 66036 -1 -2 3 4 5 6 7 8 9 10 11 12 13 14 -15 16 17 18 19 20 0
uf20-0967 69540 1 2 3 -4 5 6 7 8 9 10 11 12 -13 14 15 16 17 18 19 -20 0
uf20-0968 52194 1 2 3 -4 5 6 -7 8 9 10 11 12 13 14 -15 -16 -17 18 -19 20 0
uf20-0969 50811 -1 2 3 -4 5 -6 7 8 9 10 11 12 -13 14 -15 16 -17 18 19 20 0
uf20-096 66600 1 2 3 4 5 6 7 8 9 10 11 -12 -13 14 15 16 17 18 19 20 0
uf20-0970 50411 1 -2 3 -4 5 -6 7 8 9 10 -11 12 13 -14 15 16 -17 18 19 20 0
uf20-0971 46137 -1 2 -3 -4 5 6 7 8 -9 10 11 12 -13 14 -15 16 17 18 -19 20 0
uf20-0972 66193 1 2 3 4 5 -6 7 8 9 10 11 12 13 14 15 16 -17 -18 19 20 0
uf20-0973 62654 -1 2 3 4 5 6 7 -8 9 -10 11 -12 13 14 15 16 17 18 19 20 0
uf20-0974 54689 1 -2 3 -4 5 6 -7 -8 9 -10 -11 12 13 14 15 16 17 18 19 20 0
uf20-0975 75550 1 2 3 4 5 -6 7 8 9 10 11 12 13 14 15 16 17 18 19 20 0
uf20-0976 60498 1 2 -3 4 5 -6 -7 8 9 -10 11 12 13 14 15 16 17 -18 19 20 0
uf20-0977 61855 1 2 3 4 5 -6 7 -8 9 10 11 12 13 14 15 16 17 -18 19 20 0
uf20-0978 77144 1 2 3 4 5 6 7 8 9 10 11 12 13 14 15 -16 17 18 19 20 0
uf20-0979 52354 1 -2 -3 4 5 6 7 8 9 10 11 12 13 14 -15 16 17 -18 19 -20 0
uf20-097 51391 1 2 3 4 -5 -6 7 8 9 10 -11 -12 13 14 -15 16 17 18 -19 20 0
uf20-0980 47245 1 -2 3 -4 -5 6 -7 8 9 10 11 12 13 14 -15 16 -17 18 19 20 0
uf20-0981 46982 -1 2 3 4 -5 -6 7 8 9 10 11 12 -13 14 15 16 17 18 -19 -20 0
uf20-0982 47411 1 -2 3 4 -5 6 -7 -8 9 10 11 12 -13 -14 15 16 17 18 -19 20 0
uf20-0983 54244 1 2 -3 -4 -5 6 7 -8 -9 10 11 12 13 14 15 16 17 18 19 20 0
uf20-0984 53764 1 2 3 -4 -5 6 7 8 -9 -10 11 -12 13 -14 15 16 17 18 19 20 0
uf20-0985 67565 1 2 3 4 5 6 -7 8 9 10 -11 12 13 14 15 16 17 -18 19 20 0
uf20-0986 46526 -1 2 3 4 -5 6 7 8 -9 10 -11 12 13 -14 15 16 -17 18 19 20 0
uf20-0987 68411 1 2 -3 4 5 6 7 8 9 10 11 -12 13 14 15 16 17 18 -19 20 0
uf20-0988 49568 -1 2 3 4 5 6 7 8 9 -10 11 -12 13 -14 -15 16 17 18 -19 20 0
uf20-0989 55245 -1 2 -3 4 5 6 7 8 9 10 -11 12 13 -14 15 -16 17 18 19 20 0
uf20-098 55742 1 2 3 -4 5 6 7 8 -9 10 -11 12 13 14 -15 16 17 18 19 20 0
uf20-0990 59462 1 -2 3 4 5 6 7 8 9 10 11 -12 13 -14 -15 16 17 -18 19 20 0
uf20-0991 62216 1 -2 3 4 5 6 -7 8 9 10 11 12 13 -14 15 16 17 18 19 20 0
uf20-0992 46687 1 -2 -3 4 -5 6 7 -8 9 10 11 12 -13 -14 15 16 17 18 19 -20 0
uf20-0993 64618 1 2 3 4 5 6 -7 8 -9 10 11 12 13 14 -15 16 17 18 19 20 0
uf20-0994 52881 -1 -2 3 4 5 6 7 8 9 10 11 12 13 -14 15 -16 17 18 19 -20 0
uf20-0995 63191 1 2 3 4 5 6 7 8 -9 10 -11 12 13 14 15 16 17 18 -19 -20 0
uf20-0996 57253 1 2 -3 -4 5 6 7 -8 9 10 11 -12 13 14 15 16 17 18 19 20 0
uf20-0997 60191 1 2 3 -4 5 6 7 8 9 10 11 12 13 14 15 16 -17 18 -19 20 0
uf20-0998 62278 1 2 3 4 -5 6 7 8 9 10 11 12 13 -14 15 16 17 18 19 20 0
uf20-0999 66438 1 2 -3 4 5 -6 7 8 9 10 11 12 13 14 15 16 17 -18 19 20 0
uf20-099 41024 1 -2 3 4 -5 -6 -7 8 9 10 11 12 -13 14 -15 -16 17 18 -19 20 0
uf20-09 151196 -1 2 3 4 5 6 7 -8 9 10 11 12 13 14 15 16 17 -18 19 20 0
