uf20-01000 85988 -1 2 3 4 5 6 7 8 9 10 -11 12 13 14 -15 -16 -17 18 19 -20 0
uf20-0100 88356 1 2 3 4 5 -6 -7 8 9 10 11 12 13 14 15 16 -17 -18 19 20 0
uf20-0101 94863 1 2 3 -4 -5 6 -7 8 9 10 11 12 13 14 15 -16 17 -18 19 20 0
uf20-0102 97332 -1 2 3 4 -5 6 7 8 -9 -10 11 12 13 14 -15 -16 17 18 19 -20 0
uf20-0103 85925 -1 -2 3 4 5 6 7 8 -9 10 11 12 -13 14 15 16 -17 18 19 20 0
uf20-0104 88092 1 2 3 4 5 -6 7 8 9 -10 11 12 13 -14 15 -16 17 -18 19 -20 0
uf20-0105 105212 1 2 3 4 5 6 7 -8 9 10 11 12 13 14 15 16 -17 18 19 20 0
uf20-0106 94447 -1 2 3 4 5 6 7 8 9 10 11 12 13 14 15 16 -17 18 19 20 0
uf20-0107 90179 1 -2 3 4 5 6 7 8 9 10 11 12 -13 14 -15 16 17 18 19 -20 0
uf20-0108 75590 1 2 3 4 5 6 7 8 9 10 11 -12 13 14 15 16 17 18 19 20 0
uf20-0109 106240 -1 -2 3 -4 5 -6 7 8 -9 -10 11 12 13 -14 15 16 -17 18 19 20 0
uf20-010 84014 -1 2 3 4 5 6 7 8 9 10 11 12 13 14 15 16 -17 18 19 20 0
uf20-0110 95089 1 -2 3 4 5 6 7 8 9 -10 -11 12 13 14 15 16 17 18 19 -20 0
uf20-0111 81590 1 2 3 4 5 -6 7 8 9 10 -11 12 13 14 15 16 17 -18 19 20 0
uf20-0112 90577 -1 2 3 4 5 6 7 8 -9 10 11 12 13 14 15 16 17 18 -19 20 0
uf20-0113 89168 -1 -2 3 4 5 6 7 8 9 10 11 -12 13 14 15 16 17 18 19 20 0
uf20-0114 84182 1 -2 3 4 -5 6 -7 8 9 10 11 12 -13 14 15 16 17 18 19 20 0
uf20-0115 88977 1 2 3 4 5 -6 7 -8 9 10 11 -12 -13 14 -15 16 17 18 -19 20 0
uf20-0116 95992 1 -2 -3 4 -5 6 7 -8 9 -10 -11 -12 13 14 15 16 17 18 19 20 0
uf20-0117 85595 1 -2 -3 4 5 6 7 8 -9 10 11 12 13 14 15 16 17 18 19 20 0
uf20-0118 83947 1 -2 -3 4 5 -6 7 8 9 10 11 12 13 14 15 16 17 18 19 20 0
uf20-0119 87044 -1 2 -3 4 5 6 7 8 -9 10 11 12 13 14 15 16 17 18 19 20 0
uf20-011 79450 1 2 3 4 -5 -6 -7 8 -9 10 -11 12 13 14 15 16 17 18 19 20 0
uf20-0120 90244 1 -2 3 4 5 -6 7 -8 9 -10 11 12 -13 14 15 16 17 18 -19 20 0
uf20-0121 82700 1 -2 3 4 -5 6 7 8 9 10 11 12 13 14 15 16 17 18 -19 20 0
uf20-0122 91976 -1 2 3 4 5 6 7 8 9 -10 -11 12 -13 14 15 -16 17 18 19 20 0
uf20-0123 86007 1 2 3 4 -5 -6 7 8 9 10 11 12 13 14 15 16 17 18 -19 20 0
uf20-0124 82272 1 2 3 4 5 6 7 8 9 -10 11 12 13 14 15 -16 17 -18 19 20 0
uf20-0125 87399 1 2 3 4 5 6 7 8 -9 10 11 12 13 14 -15 16 17 18 19 20 0
uf20-0126 87773 1 2 3 4 5 6 7 -8 9 10 11 12 -13 14 15 16 17 18 -19 20 0
uf20-0127 93762 1 2 3 -4 5 6 -7 8 9 10 11 12 13 14 15 -16 17 18 -19 20 0
uf20-0128 79381 1 -2 3 4 5 6 7 8 9 10 11 12 -13 14 15 16 -17 18 19 -20 0
uf20-0129 106605 1 -2 3 4 5 6 7 -8 9 10 11 12 -13 14 -15 -16 17 -18 19 20 0
uf20-012 94591 1 2 -3 4 -5 6 -7 -8 9 -10 -11 12 13 14 15 -16 17 18 19 20 0
uf20-0130 86358 -1 2 3 4 5 6 7 8 -9 10 11 12 13 -14 -15 16 -17 18 -19 -20 0
uf20-0131 83936 1 2 3 4 5 -6 7 8 9 10 11 12 13 14 15 16 17 18 19 20 0
uf20-0132 93664 1 2 3 4 -5 6 7 8 -9 10 11 12 13 -14 15 16 -17 18 -19 20 0
uf20-0133 71257 1 -2 3 4 5 6 7 -8 9 10 11 12 13 14 15 16 17 18 19 20 0
uf20-0134 90056 -1 2 3 -4 5 6 -7 8 -9 10 11 12 13 14 -15 16 17 18 -19 20 0
uf20-0135 88953 1 2 3 4 -5 6 7 8 9 -10 -11 12 13 14 -15 16 -17 18 19 20 0
uf20-0136 92534 1 2 3 -4 5 6 7 8 9 10 11 12 13 14 15 16 17 -18 -19 20 0
uf20-0137 103359 1 2 -3 4 -5 -6 7 8 9 10 -11 -12 13 14 15 16 -17 18 -19 20 0
uf20-0138 79779 -1 -2 3 4 5 6 7 8 9 10 11 12 13 -14 15 16 17 -18 19 20 0
uf20-0139 100275 -1 -2 -3 4 5 6 7 8 9 10 11 12 13 14 15 -16 -17 -18 19 -20 0
uf20-013 118035 1 2 3 4 5 -6 7 -8 9 10 -11 12 13 14 15 -16 17 18 19 20 0
uf20-0140 85136 1 2 3 -4 5 6 7 8 9 10 11 12 13 14 15 -16 17 18 19 20 0
uf20-0141 30538 1 2 -3 -4 5 6 7 -8 9 10 11 12 13 14 15 16 17 -18 19 20 0
uf20-0142 26127 1 2 3 4 -5 -6 7 -8 -9 -10 11 12 13 14 15 16 17 18 19 20 0
uf20-0143 33830 1 2 3 4 5 6 7 8 -9 10 11 12 13 14 -15 16 17 18 19 20 0
uf20-0144 31969 1 -2 3 4 -5 6 -7 -8 -9 10 11 12 13 14 -15 16 17 -18 19 20 0
uf20-0145 29868 1 2 3 4 5 6 7 8 9 -10 11 12 13 -14 15 16 17 -18 -19 20 0
uf20-0146 29487 1 -2 3 4 -5 6 7 -8 9 10 11 12 13 14 15 16 17 18 19 -20 0
uf20-0147 29854 1 -2 -3 4 5 6 -7 8 9 10 11 12 13 -14 -15 -16 -17 -18 19 20 0
uf20-0148 23497 -1 2 -3 4 -5 6 7 8 9 10 11 12 13 -14 15 16 17 -18 -19 20 0
uf20-0149 30552 1 2 -3 4 5 6 -7 8 9 10 -11 12 -13 14 15 16 17 18 19 20 0
uf20-014 31509 1 2 3 4 5 -6 -7 8 9 10 11 12 13 -14 15 -16 17 18 19 20 0
uf20-0150 35448 1 -2 3 -4 5 6 7 8 -9 10 11 12 13 14 -15 16 17 18 -19 20 0
uf20-0151 30338 1 2 3 4 5 6 7 8 9 10 11 12 13 14 15 16 -17 18 -19 20 0
uf20-0152 30912 -1 2 3 4 5 6 7 8 9 -10 11 12 13 14 -15 16 17 -18 -19 -20 0
uf20-0153 31665 1 2 3 4 5 6 7 8 -9 10 -11 -12 13 14 15 -16 17 18 19 -20 0
uf20-0154 26293 -1 2 3 4 5 6 7 8 -9 10 -11 -12 13 14 -15 16 17 18 19 20 0
uf20-0155 25973 1 2 3 4 5 6 -7 8 9 -10 11 12 13 14 15 16 -17 18 19 20 0
uf20-0156 29770 -1 -2 3 -4 5 6 7 -8 9 -10 11 -12 -13 14 15 -16 17 18 19 -20 0
uf20-0157 31571 -1 2 3 -4 -5 6 7 8 9 10 11 12 -13 -14 15 16 17 -18 19 20 0
uf20-0158 33108 1 2 3 4 5 6 7 8 9 10 11 12 -13 14 -15 -16 17 -18 19 20 0
uf20-0159 28966 1 2 -3 4 5 6 -7 8 9 10 11 -12 13 14 15 16 17 18 19 20 0
uf20-015 31244 -1 2 3 4 5 6 -7 8 9 10 11 12 13 14 15 -16 -17 18 19 -20 0
uf20-0160 30792 1 2 -3 4 5 6 7 8 9 10 11 12 13 14 15 16 17 18 19 20 0
uf20-0161 32957 1 2 3 4 5 6 -7 8 9 10 11 12 13 14 15 16 -17 -18 -19 20 0
uf20-0162 30800 1 2 3 -4 5 6 7 -8 9 10 -11 12 -13 14 15 16 17 18 19 20 0
uf20-0163 32965 -1 2 3 4 5 6 7 8 9 10 11 12 13 14 15 16 -17 18 19 20 0
uf20-0164 30807 -1 -2 3 4 5 6 7 8 9 10 11 12 13 -14 15 -16 17 -18 19 20 0
uf20-0165 26252 1 2 3 4 5 -6 -7 8 -9 10 11 12 13 14 15 -16 17 18 19 20 0
uf20-0166 29123 1 2 3 4 -5 6 7 8 9 10 -11 12 -13 14 -15 16 17 18 19 20 0
uf20-0167 29143 1 2 3 4 -5 6 7 8 9 10 11 12 13 14 15 16 -17 -18 19 20 0
uf20-0168 26284 1 -2 3 -4 5 6 7 8 9 -10 11 12 13 14 15 16 -17 18 19 -20 0
uf20-0169 30789 -1 2 -3 4 5 6 7 8 9 10 11 -12 13 14 15 16 17 -18 -19 -20 0
uf20-016 29545 1 2 3 4 5 6 7 8 9 -10 11 12 13 14 -15 -16 -17 18 -19 20 0
uf20-0170 27669 1 2 3 4 5 6 7 8 9 -10 11 12 13 14 -15 16 17 18 19 -20 0
uf20-0171 32710 1 2 3 4 5 6 7 8 9 10 11 12 13 -14 -15 16 17 18 19 20 0
uf20-0172 27632 -1 2 3 -4 -5 6 7 8 -9 10 11 12 13 14 15 16 17 18 19 20 0
uf20-0173 26864 1 2 -3 4 5 -6 7 -8 -9 10 11 12 -13 14 15 -16 17 -18 19 20 0
uf20-0174 25955 1 -2 3 4 5 6 7 8 -9 10 11 -12 13 14 15 -16 -17 18 19 20 0
uf20-0175 27538 1 2 3 -4 -5 6 7 8 9 10 11 12 13 14 -15 16 -17 -18 19 20 0
uf20-0176 30469 1 -2 -3 4 5 6 7 8 9 -10 11 -12 13 14 15 16 -17 -18 -19 20 0
uf20-0177 27023 -1 2 3 4 5 6 7 -8 9 10 11 12 -13 14 15 16 17 18 -19 20 0
uf20-0178 28976 -1 -2 3 4 5 -6 -7 8 9 10 11 12 13 14 15 -16 -17 18 19 20 0
uf20-0179 28169 1 2 3 4 -5 6 7 8 -9 -10 11 12 13 -14 15 16 17 18 19 20 0
uf20-017 27622 1 2 3 4 5 6 7 8 9 10 11 12 -13 14 15 16 -17 18 19 20 0
uf20-0180 26625 1 2 3 4 -5 -6 7 8 9 10 11 12 13 -14 15 16 17 -18 -19 20 0
uf20-0181 29744 -1 2 3 4 5 -6 7 -8 9 10 11 12 13 14 15 16 -17 18 19 20 0
uf20-0182 34837 -1 2 3 4 5 6 -7 -8 9 10 11 12 13 14 15 16 17 18 -19 20 0
uf20-0183 31821 1 2 3 4 -5 6 -7 8 9 -10 -11 12 -13 14 15 16 -17 18 19 20 0
uf20-0184 26201 1 2 3 -4 5 6 -7 -8 9 10 11 12 -13 -14 15 16 -17 -18 19 20 0
uf20-0185 28095 1 2 3 4 -5 -6 -7 8 9 -10 11 -12 -13 14 15 16 17 18 -19 20 0
uf20-0186 30633 1 2 3 4 5 6 7 8 9 -10 11 12 -13 14 15 16 17 18 19 20 0
uf20-0187 30745 1 2 3 -4 -5 6 7 8 9 -10 11 12 -13 14 15 16 17 -18 19 20 0
uf20-0188 32086 -1 2 3 4 -5 6 7 8 9 10 11 -12 13 -14 15 16 -17 18 -19 -20 0
uf20-0189 24384 1 2 3 4 5 -6 7 -8 9 10 11 -12 13 -14 15 16 17 18 19 -20 0
uf20-018 27073 1 2 3 -4 5 -6 7 8 -9 10 11 12 13 14 15 -16 17 18 -19 20 0
uf20-0190 29196 1 2 3 4 5 6 7 8 -9 10 11 12 13 14 15 16 17 18 19 -20 0
uf20-0191 29064 1 2 3 4 -5 6 -7 8 9 10 11 -12 13 14 15 16 17 18 19 20 0
uf20-0192 29618 -1 -2 3 4 5 6 -7 8 9 10 11 12 13 -14 15 16 17 18 -19 -20 0
uf20-0193 29996 1 2 3 -4 -5 -6 7 8 9 -10 11 12 13 14 15 -16 17 18 -19 20 0
uf20-0194 26083 1 2 3 -4 -5 6 7 8 9 10 -11 12 13 14 15 -16 17 18 -19 -20 0
uf20-0195 31048 1 2 3 4 5 -6 7 8 9 10 11 12 13 -14 15 16 17 18 -19 20 0
uf20-0196 31823 1 2 3 4 5 6 7 -8 9 10 -11 12 13 14 15 16 -17 -18 19 20 0
uf20-0197 28311 1 2 3 -4 -5 -6 -7 8 -9 10 -11 12 13 14 15 16 -17 18 19 20 0
uf20-0198 28095 1 2 3 4 5 -6 7 -8 -9 10 11 12 13 -14 15 16 17 18 19 20 0
uf20-0199 26370 1 2 3 -4 5 6 7 8 9 10 11 12 13 14 15 16 17 -18 19 20 0
uf20-019 27214 1 2 3 4 5 -6 7 8 -9 10 11 12 13 14 -15 16 -17 18 19 -20 0
uf20-01 31350 1 2 3 4 -5 6 7 8 9 10 11 12 -13 14 -15 16 17 18 19 20 0
uf20-0200 31183 -1 2 3 4 5 -6 7 8 -9 10 -11 12 13 14 -15 -16 17 -18 -19 -20 0
uf20-0201 32340 1 2 3 4 5 6 7 -8 -9 10 -11 12 -13 14 15 16 17 -18 19 20 0
uf20-0202 32948 1 2 3 4 5 6 -7 -8 9 10 11 12 13 14 -15 16 17 18 19 20 0
uf20-0203 28329 1 -2 -3 4 5 6 7 8 9 10 11 12 13 14 15 -16 -17 18 19 20 0
uf20-0204 28267 -1 2 3 4 5 6 7 8 9 10 11 -12 13 14 -15 16 -17 18 19 -20 0
uf20-0205 29877 -1 2 -3 4 5 6 7 -8 9 -10 -11 12 -13 14 15 16 -17 18 19 -20 0
uf20-0206 26667 1 2 3 4 5 6 7 8 -9 10 11 12 13 14 15 -16 17 18 19 20 0
uf20-0207 31592 1 2 3 4 5 -6 7 8 9 -10 11 12 13 14 15 16 -17 18 -19 20 0
uf20-0208 28245 1 2 -3 -4 5 6 -7 8 9 10 11 12 13 14 15 16 17 18 19 20 0
uf20-0209 26238 1 2 3 4 -5 6 7 8 9 10 11 12 -13 14 15 16 17 18 19 20 0
uf20-020 28342 1 2 3 4 5 6 7 8 -9 -10 11 -12 13 14 15 16 -17 18 19 20 0
uf20-0210 34173 1 -2 -3 4 5 6 7 8 9 10 11 12 13 14 15 -16 -17 -18 19 -20 0
uf20-0211 28299 1 2 3 4 5 6 7 8 -9 -10 11 12 13 -14 15 16 17 -18 19 20 0
uf20-0212 28624 1 2 3 4 -5 6 7 8 9 10 11 -12 13 14 15 16 17 18 -19 -20 0
uf20-0213 30466 1 2 3 -4 5 6 -7 8 9 -10 11 12 13 14 15 16 17 -18 19 -20 0
uf20-0214 30366 1 -2 -3 4 5 6 -7 8 9 10 11 12 13 14 15 -16 17 18 19 20 0
uf20-0215 32401 1 2 3 4 5 -6 7 8 9 10 11 -12 13 -14 15 -16 17 18 19 20 0
uf20-0216 36083 -1 2 -3 -4 5 6 -7 -8 9 -10 11 -12 -13 14 15 16 17 18 19 20 0
uf20-0217 30269 1 2 -3 4 5 6 -7 8 9 -10 11 12 13 14 15 16 17 18 19 20 0
uf20-0218 31754 -1 2 3 -4 5 6 7 8 9 10 11 12 13 14 -15 -16 17 18 -19 20 0
uf20-0219 34798 1 2 3 4 -5 6 7 -8 9 10 11 -12 13 14 15 16 17 18 -19 20 0
uf20-021 27894 1 2 3 -4 -5 6 7 8 9 -10 11 12 13 14 15 16 17 18 19 -20 0
uf20-0220 34834 1 2 3 4 -5 6 7 8 9 10 -11 12 13 14 15 -16 17 -18 -19 20 0
uf20-0221 28474 -1 2 3 4 5 -6 7 8 9 -10 11 12 13 14 15 16 17 18 19 20 0
uf20-0222 25459 1 2 3 4 5 6 7 8 -9 10 11 12 13 14 15 16 17 -18 19 20 0
uf20-0223 26364 -1 2 3 4 5 6 7 8 9 -10 -11 12 13 14 15 16 17 18 19 20 0
uf20-0224 28523 1 2 3 4 5 6 7 -8 9 -10 11 12 -13 -14 -15 16 17 18 19 20 0
uf20-0225 29008 1 2 -3 4 -5 6 -7 8 9 10 -11 -12 -13 14 15 16 17 18 19 20 0
uf20-0226 31248 -1 -2 3 4 5 6 7 8 9 10 -11 12 13 14 -15 16 17 18 19 -20 0
uf20-0227 30353 1 2 3 4 5 6 7 8 9 -10 -11 12 13 14 15 16 17 18 19 20 0
uf20-0228 35992 1 2 3 4 5 6 7 8 9 -10 11 12 -13 -14 -15 16 -17 18 19 20 0
uf20-0229 30062 1 2 3 4 5 6 7 8 9 10 11 -12 13 14 15 -16 17 18 19 20 0
uf20-022 30821 -1 2 -3 4 -5 -6 7 8 9 10 11 12 13 14 15 16 17 -18 19 20 0
uf20-0230 35964 1 2 3 4 -5 6 7 8 9 -10 11 12 13 14 -15 16 -17 18 19 20 0
uf20-0231 34621 -1 -2 3 4 5 6 -7 8 9 10 11 12 13 14 -15 16 17 -18 19 20 0
uf20-0232 28746 1 2 -3 -4 5 6 7 8 9 10 -11 12 13 -14 15 16 17 18 19 20 0
uf20-0233 25485 1 2 3 4 5 -6 7 8 9 -10 11 12 -13 -14 15 16 17 18 19 -20 0
uf20-0234 27764 1 -2 3 4 5 6 -7 -8 9 10 11 12 -13 14 15 16 17 18 -19 20 0
uf20-0235 31725 1 2 3 4 5 6 7 8 -9 10 11 12 -13 14 15 16 17 18 19 20 0
uf20-0236 29060 1 -2 3 4 5 -6 7 -8 9 10 11 12 -13 -14 15 16 -17 18 -19 20 0
uf20-0237 27223 1 -2 -3 4 5 6 -7 8 9 -10 -11 12 13 -14 15 16 -17 18 19 20 0
uf20-0238 29172 1 2 3 4 -5 6 -7 8 9 10 11 12 13 -14 15 16 17 18 19 20 0
uf20-0239 30299 1 2 3 4 5 6 7 8 -9 10 11 12 -13 14 15 16 -17 18 19 20 0
uf20-023 34903 1 2 3 4 -5 6 7 8 9 10 11 12 13 14 -15 -16 17 18 19 20 0
uf20-0240 31444 1 2 -3 4 5 6 7 8 9 -10 11 -12 -13 14 15 16 17 -18 19 20 0
uf20-0241 30655 -1 2 3 4 5 6 -7 8 9 10 11 12 -13 14 15 -16 17 18 -19 20 0
uf20-0242 27416 1 2 3 4 -5 6 7 8 -9 10 -11 12 13 14 15 16 -17 18 19 -20 0
uf20-0243 37048 1 2 -3 -4 5 6 7 8 9 10 11 -12 13 -14 15 16 17 18 19 20 0
uf20-0244 31909 1 2 3 4 5 -6 7 8 9 10 11 12 13 -14 15 16 17 18 -19 -20 0
uf20-0245 27320 1 2 3 4 -5 6 -7 8 9 10 -11 -12 13 -14 15 16 -17 -18 19 -20 0
uf20-0246 31034 -1 -2 3 4 5 6 7 8 9 -10 11 -12 13 14 -15 16 17 18 19 -20 0
uf20-0247 30845 1 -2 3 -4 5 -6 7 -8 -9 10 -11 12 13 14 15 16 17 18 -19 20 0
uf20-0248 29425 -1 2 3 -4 -5 6 7 8 9 -10 11 12 13 14 15 16 17 18 19 20 0
uf20-0249 32202 1 2 -3 -4 5 6 7 8 -9 10 11 12 13 14 15 16 -17 18 19 20 0
uf20-024 30623 -1 -2 3 -4 -5 6 -7 8 9 10 11 -12 13 -14 15 16 17 18 19 20 0
uf20-0250 27428 1 2 3 4 -5 6 7 8 9 10 11 12 13 14 15 16 17 18 -19 20 0
uf20-0251 28501 1 -2 3 -4 5 6 7 8 -9 10 11 12 13 14 15 16 17 18 19 -20 0
uf20-0252 29350 1 2 3 -4 5 6 7 8 9 10 11 12 13 -14 -15 16 -17 18 -19 20 0
uf20-0253 29305 1 2 3 -4 5 -6 7 8 9 10 11 12 13 -14 15 16 17 -18 19 -20 0
uf20-0254 26592 1 -2 3 4 5 6 7 8 9 -10 11 12 13 14 15 -16 -17 18 19 20 0
uf20-0255 25275 1 2 3 4 5 6 -7 8 -9 -10 -11 12 13 -14 15 16 17 18 19 20 0
uf20-0256 29819 -1 -2 3 4 5 6 7 8 9 10 11 12 13 14 -15 16 17 18 19 20 0
uf20-0257 28029 1 -2 3 4 5 6 7 8 9 10 11 12 13 14 15 -16 17 -18 -19 20 0
uf20-0258 29409 1 -2 3 4 5 -6 7 8 9 10 11 12 13 14 -15 16 17 18 19 20 0
uf20-0259 26428 1 2 3 -4 5 -6 7 8 9 10 11 12 13 14 15 -16 -17 18 -19 20 0
uf20-025 30742 1 2 3 4 5 -6 7 8 9 10 11 -12 -13 14 15 16 17 18 19 20 0
uf20-0260 26076 1 2 3 4 5 6 -7 -8 9 10 11 -12 13 -14 15 -16 -17 -18 19 20 0
uf20-0261 27488 -1 2 -3 4 5 6 7 8 9 10 -11 12 13 14 15 16 17 18 -19 20 0
uf20-0262 31483 1 2 3 4 -5 6 7 8 9 -10 -11 12 13 14 15 16 17 -18 19 20 0
uf20-0263 29580 1 2 3 4 5 6 -7 8 9 10 11 12 -13 14 15 16 17 18 19 20 0
uf20-0264 30845 1 2 -3 4 -5 6 7 8 9 10 -11 -12 13 14 15 -16 -17 18 -19 20 0
uf20-0265 28497 1 2 3 4 5 6 7 8 9 -10 11 12 13 14 15 16 17 18 19 20 0
uf20-0266 25742 1 2 3 4 5 6 7 8 9 10 11 12 13 -14 15 -16 17 -18 19 20 0
uf20-0267 28504 1 -2 3 4 5 6 7 -8 9 -10 11 12 13 14 -15 16 17 18 19 20 0
uf20-0268 30826 1 2 3 4 5 6 7 8 9 10 -11 12 13 14 15 16 17 18 -19 20 0
uf20-0269 32481 -1 2 3 4 5 -6 -7 8 9 10 11 -12 13 14 -15 16 17 18 19 20 0
uf20-026 26159 1 2 -3 4 5 6 7 -8 9 10 -11 -12 13 14 15 16 17 18 19 -20 0
uf20-0270 26578 1 -2 3 4 5 6 7 8 9 -10 11 12 13 14 15 16 17 18 19 20 0
uf20-0271 32574 -1 -2 3 4 -5 6 7 8 9 10 11 12 13 14 15 16 17 18 19 20 0
uf20-0272 34646 -1 -2 3 4 -5 6 7 -8 -9 10 11 12 13 14 -15 16 17 -18 19 20 0
uf20-0273 30530 1 2 3 4 5 6 7 -8 -9 -10 11 12 -13 -14 15 16 17 18 -19 20 0
uf20-0274 27559 1 2 3 4 5 6 -7 8 9 -10 -11 -12 13 14 15 16 17 18 19 20 0
uf20-0275 36039 1 2 3 4 5 6 7 8 9 10 11 12 13 -14 15 16 -17 -18 -19 -20 0
uf20-0276 79441 -1 -2 3 4 -5 6 7 8 9 10 11 12 13 -14 15 16 17 18 19 20 0
uf20-0277 83581 -1 2 -3 4 -5 6 7 8 9 10 -11 12 -13 14 15 -16 17 18 19 20 0
uf20-0278 86148 1 -2 3 4 -5 6 7 8 -9 -10 11 12 13 -14 15 16 17 18 19 -20 0
uf20-0279 82517 1 2 3 4 -5 6 7 8 9 10 11 -12 13 14 15 -16 17 18 19 20 0
uf20-027 86447 1 2 -3 -4 5 6 7 -8 9 10 11 12 13 -14 15 16 17 18 19 20 0
uf20-0280 94564 -1 2 3 -4 5 6 7 8 9 10 11 12 13 14 15 16 17 -18 19 20 0
uf20-0281 98754 1 2 3 4 5 6 7 8 9 10 11 -12 13 -14 15 16 17 18 19 -20 0
uf20-0282 101196 -1 2 3 4 5 6 7 8 9 -10 -11 -12 13 14 15 16 17 18 19 20 0
uf20-0283 100892 1 2 3 4 -5 6 7 8 9 10 11 12 13 14 15 16 17 18 19 20 0
uf20-0284 94050 1 2 3 -4 5 6 -7 -8 9 10 -11 -12 13 -14 15 16 17 18 19 -20 0
uf20-0285 83275 1 -2 3 4 5 -6 7 8 9 10 11 12 -13 14 15 16 -17 -18 19 20 0
uf20-0286 95948 1 2 3 4 5 6 7 -8 -9 -10 11 12 13 14 15 16 17 -18 -19 20 0
uf20-0287 83600 -1 2 3 -4 5 6 7 8 9 10 11 12 13 14 -15 -16 17 18 19 20 0
uf20-0288 85772 1 2 3 -4 5 6 -7 8 9 10 11 12 13 -14 15 16 -17 18 19 20 0
uf20-0289 90097 1 2 -3 4 5 -6 -7 8 -9 10 -11 12 13 14 15 16 17 18 19 20 0
uf20-028 86455 1 2 3 4 5 6 -7 -8 9 10 -11 12 13 -14 -15 16 17 -18 19 20 0
uf20-0290 81679 1 2 -3 4 -5 6 7 8 9 10 11 12 -13 -14 15 16 -17 18 19 20 0
uf20-0291 75371 1 2 3 4 5 6 7 8 9 10 11 12 -13 14 15 16 17 18 19 20 0
uf20-0292 83192 1 -2 3 -4 5 6 -7 8 9 -10 11 12 13 14 15 16 17 18 19 20 0
uf20-0293 81436 -1 2 -3 4 5 6 7 8 9 10 11 12 13 14 15 16 17 -18 19 20 0
uf20-0294 76282 1 2 3 4 5 6 7 -8 -9 10 11 12 13 14 -15 16 17 -18 -19 20 0
uf20-0295 89736 1 2 3 -4 5 6 7 -8 -9 10 11 12 -13 14 15 16 17 -18 19 20 0
uf20-0296 84727 1 -2 -3 4 -5 6 7 8 -9 10 11 12 13 -14 15 16 17 18 19 20 0
uf20-0297 86887 1 2 3 4 5 -6 7 8 -9 10 11 12 -13 -14 15 -16 -17 18 19 -20 0
uf20-0298 82775 1 2 -3 4 5 6 7 8 9 -10 11 -12 13 14 15 -16 17 18 19 20 0
uf20-0299 96070 1 -2 3 4 -5 6 7 8 9 10 11 -12 13 14 15 16 -17 18 -19 20 0
uf20-029 82994 -1 2 -3 4 5 -6 7 -8 9 10 11 12 13 -14 15 16 -17 18 19 20 0
uf20-02 100666 -1 2 3 4 5 6 7 8 -9 10 11 12 13 14 15 16 -17 -18 19 -20 0
uf20-0300 91858 1 2 3 4 5 6 7 8 9 10 -11 12 13 14 15 16 17 -18 19 20 0
uf20-0301 85830 1 2 -3 4 5 6 7 -8 9 10 -11 12 13 -14 15 16 17 18 19 20 0
uf20-0302 86014 1 2 3 4 5 6 7 8 9 10 11 12 13 -14 -15 16 17 18 19 20 0
uf20-0303 86147 -1 2 -3 4 -5 -6 7 8 9 10 11 -12 13 -14 -15 -16 17 18 19 -20 0
uf20-0304 99307 -1 2 -3 4 -5 6 -7 -8 9 10 11 12 13 14 15 16 17 -18 19 20 0
uf20-0305 85672 1 2 3 4 -5 6 7 8 9 10 11 -12 13 14 15 -16 17 18 19 20 0
uf20-0306 89679 -1 2 -3 4 -5 6 7 8 9 -10 11 12 -13 14 15 16 -17 18 19 -20 0
uf20-0307 91649 1 2 -3 4 -5 6 7 8 9 10 11 -12 13 14 15 -16 17 18 19 20 0
uf20-0308 84081 1 2 3 -4 5 6 7 8 9 10 11 12 13 -14 15 16 17 -18 -19 20 0
uf20-0309 91065 1 2 3 4 5 -6 7 -8 -9 -10 11 12 13 14 15 16 17 -18 -19 20 0
uf20-030 79851 1 2 3 4 -5 6 7 8 9 -10 11 12 -13 14 15 -16 17 18 19 -20 0
uf20-0310 85493 1 2 3 4 5 6 7 8 -9 10 11 12 13 14 15 -16 -17 -18 19 -20 0
uf20-0311 90886 1 2 3 4 5 -6 7 -8 9 10 11 12 13 14 -15 16 17 18 -19 20 0
uf20-0312 74855 1 2 -3 4 5 6 7 8 9 10 -11 12 13 -14 -15 -16 -17 18 19 20 0
uf20-0313 86107 1 2 -3 4 -5 -6 7 8 9 10 11 12 13 -14 15 16 -17 -18 19 -20 0
uf20-0314 82150 1 2 3 4 5 6 -7 -8 9 10 11 -12 13 14 15 16 17 18 19 20 0
uf20-0315 85410 1 2 3 -4 5 6 7 8 9 -10 11 12 13 14 15 16 17 18 -19 20 0
uf20-0316 83314 1 2 -3 -4 -5 6 7 -8 9 -10 11 12 13 -14 15 16 17 18 -19 -20 0
uf20-0317 83935 1 -2 -3 -4 5 -6 7 8 -9 10 11 -12 13 14 15 -16 -17 18 19 20 0
uf20-0318 79612 1 2 3 4 5 6 -7 8 9 10 11 12 13 14 15 16 17 -18 19 20 0
uf20-0319 91009 1 2 -3 -4 5 6 7 8 9 10 11 12 13 14 15 16 17 18 19 20 0
uf20-031 95605 1 2 3 4 5 6 -7 8 9 10 11 12 13 -14 15 16 17 -18 -19 -20 0
uf20-0320 83166 1 2 -3 4 5 -6 7 8 9 -10 11 12 -13 -14 15 16 17 18 19 20 0
uf20-0321 99553 1 -2 3 4 5 6 -7 -8 9 10 11 12 13 -14 -15 16 17 18 19 20 0
uf20-0322 82834 1 -2 3 -4 5 6 7 8 9 10 11 12 13 14 -15 16 17 18 19 -20 0
uf20-0323 133282 -1 2 3 -4 5 -6 7 8 9 10 -11 -12 13 14 15 16 17 18 19 20 0
uf20-0324 89876 1 -2 3 4 5 -6 7 8 9 10 11 -12 13 14 15 16 -17 -18 19 20 0
uf20-0325 83231 1 2 -3 4 5 6 7 8 9 -10 11 12 13 14 15 16 17 18 19 20 0
uf20-0326 83905 1 2 3 4 -5 6 7 8 9 -10 -11 12 13 14 15 -16 17 -18 19 20 0
uf20-0327 98410 1 2 3 4 5 6 7 8 9 10 -11 -12 13 14 15 16 -17 18 19 20 0
uf20-0328 92985 1 -2 -3 -4 5 -6 7 8 -9 10 11 12 13 -14 15 -16 17 18 19 20 0
uf20-0329 91379 1 2 -3 4 5 6 -7 8 9 10 -11 -12 13 14 -15 16 -17 18 19 -20 0
uf20-032 84208 1 2 3 4 5 6 7 -8 -9 10 11 12 13 -14 15 16 17 18 19 20 0
uf20-0330 95822 1 2 -3 4 5 -6 7 -8 9 10 11 12 13 14 -15 16 -17 18 -19 20 0
uf20-0331 85065 1 -2 3 4 5 6 7 8 9 10 11 -12 13 14 15 -16 17 18 -19 20 0
uf20-0332 97688 1 -2 3 -4 5 6 7 8 9 10 11 12 -13 14 -15 -16 17 18 19 20 0
uf20-0333 91298 -1 2 3 4 5 6 -7 -8 9 10 11 12 13 14 15 16 17 18 19 20 0
uf20-0334 88493 -1 2 3 4 -5 6 -7 -8 9 -10 11 12 13 14 -15 16 -17 18 19 20 0
uf20-0335 80725 -1 -2 3 4 5 6 7 8 -9 10 11 12 -13 -14 15 16 17 -18 19 20 0
uf20-0336 114682 1 2 3 -4 -5 6 -7 -8 9 10 11 12 13 14 -15 16 17 18 19 -20 0
uf20-0337 103026 1 2 3 4 5 6 7 8 -9 -10 -11 12 13 14 15 16 17 18 19 20 0
uf20-0338 96024 1 -2 3 4 5 -6 7 -8 9 10 11 12 13 14 15 16 -17 18 -19 20 0
uf20-0339 84217 -1 2 3 4 5 6 7 8 9 10 11 12 13 14 15 16 -17 18 19 20 0
uf20-033 87882 1 2 -3 -4 5 6 7 -8 -9 10 -11 12 -13 14 15 16 17 18 19 -20 0
uf20-0340 89012 1 2 3 4 5 6 7 8 9 10 11 12 -13 -14 15 16 17 18 19 20 0
uf20-0341 94788 1 2 3 4 5 6 7 8 9 10 -11 12 13 14 -15 16 17 18 19 20 0
uf20-0342 91564 1 2 3 4 5 6 7 8 9 -10 11 12 -13 -14 15 16 17 -18 19 20 0
uf20-0343 83184 -1 2 3 4 5 6 7 8 9 10 -11 12 -13 -14 15 16 17 -18 19 -20 0
uf20-0344 82838 1 2 3 -4 -5 6 7 -8 -9 10 11 12 13 14 15 -16 17 18 -19 20 0
uf20-0345 83183 1 2 3 4 -5 -6 7 8 -9 10 11 12 13 14 -15 16 17 18 19 20 0
uf20-0346 83773 1 2 -3 4 5 6 -7 8 9 10 -11 12 13 14 15 16 17 18 -19 20 0
uf20-0347 89861 1 2 3 4 -5 6 7 8 9 10 -11 12 13 14 -15 16 17 18 -19 20 0
uf20-0348 83012 1 2 3 4 5 -6 7 8 9 10 -11 12 13 14 15 16 17 18 19 20 0
uf20-0349 89006 1 -2 -3 4 5 6 -7 8 9 10 11 12 -13 -14 15 -16 17 18 19 20 0
uf20-034 82952 1 2 3 4 5 -6 7 8 9 10 11 12 13 -14 15 16 17 18 19 -20 0
uf20-0350 99048 1 2 -3 -4 5 6 7 8 9 -10 11 -12 13 -14 -15 16 17 18 19 20 0
uf20-0351 84198 1 2 -3 4 5 6 7 8 9 -10 -11 12 13 14 15 16 17 18 19 20 0
uf20-0352 84611 1 2 3 4 5 6 -7 8 9 10 -11 -12 13 14 15 16 -17 18 19 20 0
uf20-0353 86790 1 2 3 4 5 -6 7 8 9 10 11 12 13 14 15 16 17 18 19 20 0
uf20-0354 113914 1 -2 3 -4 5 6 7 8 -9 -10 11 12 13 14 15 16 17 18 19 20 0
uf20-0355 86934 1 2 3 4 5 6 7 8 9 10 11 12 13 -14 15 16 17 -18 19 20 0
uf20-0356 77941 1 2 3 4 5 6 7 8 9 10 -11 -12 13 14 15 16 17 18 19 20 0
uf20-0357 86556 -1 2 3 -4 -5 6 7 -8 9 10 11 12 13 14 -15 16 17 18 19 20 0
uf20-0358 89059 1 2 3 4 5 6 -7 8 9 10 11 12 13 14 15 16 17 18 19 20 0
uf20-0359 83046 -1 2 -3 4 5 6 7 8 9 10 -11 12 13 -14 -15 16 -17 18 19 20 0
uf20-035 62814 1 2 3 -4 5 6 -7 8 9 10 11 12 -13 14 -15 16 17 18 19 20 0
uf20-0360 87465 1 2 3 4 5 6 7 -8 9 10 11 12 -13 -14 -15 16 17 -18 19 20 0
uf20-0361 92150 -1 2 3 4 5 6 -7 8 9 10 11 12 -13 14 15 -16 17 18 19 20 0
uf20-0362 82773 1 2 3 -4 5 6 7 -8 9 10 -11 12 13 14 -15 -16 17 -18 19 20 0
uf20-0363 77169 1 2 3 4 5 -6 7 8 9 10 11 12 13 14 15 16 17 -18 19 20 0
uf20-0364 85142 1 2 3 4 5 6 7 8 -9 10 -11 -12 13 14 15 16 17 -18 19 -20 0
uf20-0365 94206 -1 2 -3 4 5 6 7 8 9 10 11 12 -13 14 15 16 -17 18 -19 20 0
uf20-0366 78152 1 2 3 4 -5 6 7 8 9 10 -11 -12 13 14 15 16 17 18 19 -20 0
uf20-0367 90083 -1 -2 3 4 5 6 -7 8 9 10 11 -12 13 14 15 16 17 18 -19 -20 0
uf20-0368 90817 -1 -2 3 4 -5 6 7 8 9 10 11 12 13 14 15 16 17 18 19 20 0
uf20-0369 84334 1 2 3 4 -5 -6 7 8 9 10 -11 12 13 14 15 16 17 -18 19 -20 0
uf20-036 86294 1 2 3 4 5 -6 -7 8 9 10 11 12 13 14 15 16 17 18 19 -20 0
uf20-0370 97006 1 -2 3 4 -5 6 7 8 9 10 11 -12 13 14 15 -16 -17 18 -19 20 0
uf20-0371 90605 1 -2 -3 4 5 -6 7 -8 9 10 11 12 13 -14 -15 16 17 18 19 20 0
uf20-0372 98945 1 2 -3 4 -5 6 -7 8 9 10 11 12 13 14 15 16 17 -18 19 20 0
uf20-0373 107923 1 -2 3 4 -5 -6 7 8 9 -10 11 12 13 -14 15 16 -17 18 19 20 0
uf20-0374 78468 -1 -2 3 -4 5 6 -7 -8 9 10 11 12 13 -14 15 -16 -17 -18 19 -20 0
uf20-0375 91221 1 -2 -3 4 -5 6 7 -8 9 10 11 -12 13 -14 15 16 17 -18 -19 20 0
uf20-0376 82918 1 2 3 4 5 6 7 8 -9 -10 11 12 13 14 -15 16 17 18 19 -20 0
uf20-0377 83489 1 2 3 4 5 6 7 -8 9 10 11 12 13 14 15 16 17 18 19 20 0
uf20-0378 80998 1 2 3 4 5 6 7 -8 9 10 11 12 13 14 15 -16 -17 18 -19 20 0
uf20-0379 79954 1 2 3 4 5 6 7 8 9 10 -11 12 13 14 15 16 17 -18 19 -20 0
uf20-037 74197 -1 2 -3 4 -5 6 7 8 9 10 -11 12 13 14 -15 16 17 18 -19 20 0
uf20-0380 96626 1 2 3 4 5 6 -7 8 9 10 11 -12 13 -14 15 16 17 18 -19 20 0
uf20-0381 88979 1 2 3 -4 5 6 7 -8 9 -10 11 12 13 14 15 16 -17 18 19 20 0
uf20-0382 88399 1 2 -3 4 5 6 7 -8 -9 10 -11 12 -13 14 15 16 17 18 19 20 0
uf20-0383 87013 -1 -2 3 4 5 6 -7 -8 9 -10 11 -12 13 14 15 16 17 18 19 20 0
uf20-0384 97612 -1 2 3 4 5 6 7 8 9 10 11 -12 13 -14 -15 16 17 18 19 20 0
uf20-0385 88582 1 -2 3 4 5 6 -7 8 9 10 -11 12 13 14 -15 16 17 18 19 20 0
uf20-0386 81035 1 -2 3 4 5 -6 7 8 9 10 11 12 13 14 15 16 17 18 19 20 0
uf20-0387 122178 1 -2 3 4 -5 6 7 -8 9 10 -11 12 -13 14 15 -16 17 18 19 20 0
uf20-0388 78726 1 2 3 4 5 6 -7 8 9 -10 11 12 13 14 15 -16 -17 18 19 20 0
uf20-0389 88796 1 -2 3 -4 5 6 -7 8 9 10 11 12 -13 14 15 -16 17 18 19 20 0
uf20-038 86812 1 2 3 -4 5 -6 7 8 -9 -10 -11 12 13 14 15 16 17 -18 19 20 0
uf20-0390 88654 1 2 3 4 5 6 7 8 9 10 -11 12 13 14 -15 -16 17 18 19 -20 0
uf20-0391 80634 -1 -2 3 -4 5 6 7 -8 -9 10 11 -12 13 14 15 16 17 18 -19 20 0
uf20-0392 90430 1 2 -3 4 5 6 7 8 9 10 11 -12 13 14 15 -16 17 18 19 20 0
uf20-0393 80720 1 2 3 4 5 6 7 8 9 10 11 12 13 14 15 16 -17 18 -19 -20 0
uf20-0394 82338 -1 2 3 -4 -5 -6 -7 8 -9 10 11 12 -13 14 15 16 17 -18 19 -20 0
uf20-0395 89314 1 2 3 4 5 6 7 8 9 10 -11 12 13 14 15 16 17 18 19 20 0
uf20-0396 92661 1 2 3 4 5 6 7 -8 9 10 11 12 -13 14 -15 16 17 18 -19 20 0
uf20-0397 94797 1 2 3 -4 5 6 -7 8 -9 10 11 12 13 -14 15 -16 17 18 19 20 0
uf20-0398 84649 1 2 3 4 5 6 7 8 9 10 11 12 13 -14 15 -16 17 18 19 20 0
uf20-0399 84001 1 2 -3 4 -5 6 7 8 9 -10 11 12 13 14 15 16 -17 18 19 20 0
uf20-039 84487 1 2 3 -4 5 6 -7 -8 9 10 -11 12 13 14 15 -16 17 18 19 -20 0
uf20-03 95341 1 2 3 4 5 6 7 8 9 10 11 -12 -13 14 15 16 17 -18 -19 20 0
uf20-0400 85953 -1 2 3 4 5 6 7 -8 9 10 -11 12 13 14 15 16 17 18 19 20 0
uf20-0401 83732 1 2 3 -4 5 -6 7 8 9 10 11 12 13 14 15 16 17 18 19 20 0
uf20-0402 85895 -1 -2 3 -4 5 -6 7 8 9 -10 -11 12 13 14 15 16 -17 18 19 20 0
uf20-0403 79563 1 2 3 4 5 6 7 8 9 10 11 12 13 14 15 -16 17 -18 19 20 0
uf20-0404 102729 1 -2 -3 4 5 6 7 8 -9 10 11 12 13 14 15 16 17 18 19 -20 0
uf20-0405 122979 1 2 3 4 5 6 7 -8 9 10 -11 -12 13 14 15 16 17 18 19 -20 0
uf20-0406 99989 -1 2 3 4 -5 6 7 8 9 10 11 12 -13 -14 15 16 17 18 19 20 0
uf20-0407 103005 -1 2 3 4 5 6 7 8 9 10 11 12 13 14 -15 -16 17 18 19 -20 0
uf20-0408 82721 1 2 3 4 5 6 7 8 9 -10 11 12 13 14 15 16 17 18 19 20 0
uf20-0409 78257 1 2 -3 4 5 -6 7 8 9 -10 11 12 -13 14 -15 -16 17 18 -19 20 0
uf20-040 19170 1 -2 3 4 5 6 -7 -8 -9 10 11 -12 -13 14 15 16 -17 18 -19 20 0
uf20-0410 17914 1 2 3 4 5 6 7 -8 9 10 11 12 13 14 15 16 17 -18 19 20 0
uf20-0411 18130 1 2 3 4 -5 -6 7 8 9 10 11 12 13 14 15 16 17 -18 19 20 0
uf20-0412 20005 1 2 3 4 5 6 -7 8 9 -10 11 12 13 14 15 -16 17 18 19 20 0
uf20-0413 18774 1 2 3 4 5 6 7 8 9 10 11 -12 13 14 15 16 17 18 19 -20 0
uf20-0414 16616 1 2 -3 4 5 6 7 -8 9 -10 11 -12 13 14 15 16 17 18 19 20 0
uf20-0415 20821 1 2 3 4 -5 6 7 8 9 10 11 12 13 -14 15 -16 -17 -18 -19 -20 0
uf20-0416 18534 1 2 3 4 5 6 7 8 9 10 -11 12 -13 14 -15 16 17 18 19 20 0
uf20-0417 20356 1 -2 3 4 5 6 7 8 9 10 -11 12 13 -14 15 16 17 18 19 20 0
uf20-0418 19036 1 2 -3 4 5 6 7 8 9 10 -11 12 13 -14 15 16 17 18 -19 -20 0
uf20-0419 19120 1 -2 3 4 5 -6 -7 8 9 10 11 -12 13 14 -15 16 -17 18 -19 20 0
uf20-041 19206 -1 2 -3 4 5 6 7 8 9 10 11 12 13 14 15 16 17 18 19 20 0
uf20-0420 21031 1 2 3 -4 5 6 -7 8 9 10 11 -12 13 14 15 16 17 18 19 20 0
uf20-0421 22509 1 2 -3 -4 5 6 -7 8 9 10 -11 12 13 14 -15 16 17 18 19 20 0
uf20-0422 15971 1 2 3 4 5 6 7 8 9 10 -11 12 13 14 15 16 17 18 19 -20 0
uf20-0423 19418 -1 2 3 -4 5 6 7 8 9 10 11 12 13 14 15 16 17 -18 -19 -20 0
uf20-0424 18332 1 2 3 4 -5 6 7 8 -9 -10 11 -12 13 14 15 16 -17 18 19 20 0
uf20-0425 22726 1 2 3 4 -5 6 -7 8 -9 10 11 12 13 14 15 16 17 18 19 20 0
uf20-0426 20157 1 -2 3 -4 5 6 7 8 9 -10 11 12 -13 -14 15 16 17 18 19 20 0
uf20-0427 21485 1 2 3 4 5 -6 7 8 9 10 11 12 -13 14 15 16 17 -18 19 -20 0
uf20-0428 20635 1 2 3 4 -5 -6 7 8 9 -10 11 -12 13 -14 15 16 17 18 -19 20 0
uf20-0429 18420 1 2 3 4 5 6 7 8 9 10 11 -12 13 14 15 16 -17 18 19 20 0
uf20-042 19693 1 2 -3 4 5 6 7 8 -9 10 11 12 13 -14 -15 16 17 18 19 20 0
uf20-0430 29841 1 2 -3 -4 5 6 7 8 9 10 11 12 13 14 15 16 17 18 19 20 0
uf20-0431 21065 1 2 3 4 5 6 7 8 -9 10 11 -12 13 14 15 16 -17 18 19 -20 0
uf20-0432 17591 1 2 3 4 -5 6 7 8 9 -10 11 12 13 14 15 16 17 18 -19 -20 0
uf20-0433 19424 1 2 3 4 -5 -6 -7 -8 9 10 11 12 13 -14 15 -16 17 18 19 -20 0
uf20-0434 18792 1 2 -3 4 -5 6 7 8 -9 10 11 12 13 14 15 -16 17 18 19 20 0
uf20-0435 20152 1 2 3 4 5 6 7 -8 9 -10 -11 12 -13 14 15 16 17 18 19 20 0
uf20-0436 20598 1 2 3 -4 -5 -6 7 8 9 10 11 12 13 14 15 16 17 18 19 20 0
uf20-0437 22902 1 -2 3 4 5 6 -7 8 9 10 11 12 -13 -14 15 16 -17 18 19 20 0
uf20-0438 20740 1 -2 3 4 5 6 7 -8 9 -10 -11 12 13 14 15 16 17 18 -19 -20 0
uf20-0439 20527 1 2 3 4 5 -6 7 -8 -9 10 11 12 13 14 15 16 -17 18 19 20 0
uf20-043 23770 -1 2 3 4 -5 6 -7 8 -9 10 -11 12 -13 14 -15 16 -17 18 19 20 0
uf20-0440 19933 1 2 3 4 5 -6 7 8 -9 10 11 12 -13 -14 15 -16 17 -18 19 20 0
uf20-0441 20415 1 2 3 4 -5 6 7 -8 9 10 11 12 -13 14 15 16 17 18 19 -20 0
uf20-0442 21920 1 -2 3 -4 5 6 -7 8 9 10 11 12 13 -14 15 16 17 18 19 -20 0
uf20-0443 20804 1 2 3 -4 5 6 7 -8 -9 10 -11 -12 13 14 15 16 17 18 19 20 0
uf20-0444 22156 -1 2 3 4 5 6 -7 8 9 10 11 -12 13 14 15 -16 17 18 19 20 0
uf20-0445 20062 1 2 3 4 5 -6 -7 8 -9 10 -11 12 13 -14 15 16 17 18 19 20 0
uf20-0446 20808 1 2 -3 4 5 -6 -7 8 9 10 -11 12 13 14 15 16 17 18 19 20 0
uf20-0447 19306 1 -2 3 4 -5 6 -7 8 9 10 11 12 13 14 15 16 17 -18 19 20 0
uf20-0448 16014 1 2 3 4 5 -6 7 8 9 10 11 12 13 14 15 16 17 18 19 -20 0
uf20-0449 17521 -1 2 3 4 5 6 7 8 9 10 11 -12 13 -14 15 16 17 18 19 -20 0
uf20-044 18705 -1 2 3 4 5 6 7 -8 -9 -10 11 12 13 14 -15 -16 17 18 19 20 0
uf20-0450 22519 -1 2 3 -4 5 6 7 8 9 10 11 12 13 -14 15 16 17 -18 -19 -20 0
uf20-0451 20521 1 -2 -3 4 5 6 7 8 9 10 11 12 -13 14 15 16 17 18 -19 20 0
uf20-0452 19361 1 2 3 4 -5 6 -7 8 9 -10 -11 12 13 -14 15 -16 17 18 -19 20 0
uf20-0453 21825 1 -2 -3 4 -5 6 7 -8 9 -10 11 -12 13 14 15 16 17 18 19 -20 0
uf20-0454 21213 1 2 -3 -4 5 6 7 -8 9 10 11 12 13 14 15 16 17 18 19 -20 0
uf20-0455 19431 1 -2 -3 4 5 -6 -7 -8 -9 10 11 12 -13 14 15 16 17 18 -19 20 0
uf20-0456 18301 -1 2 3 4 5 6 7 8 9 10 11 12 13 14 15 16 -17 -18 19 20 0
uf20-0457 22099 1 2 -3 4 -5 6 7 8 9 10 11 12 13 14 15 16 17 18 -19 20 0
uf20-0458 20279 1 -2 -3 4 5 6 7 8 -9 10 11 -12 13 14 15 16 17 18 19 20 0
uf20-0459 20845 -1 2 3 4 -5 6 7 8 -9 10 11 12 13 14 -15 16 17 -18 -19 20 0
uf20-045 20534 1 2 -3 4 -5 6 -7 8 9 10 11 12 -13 14 15 16 17 18 19 20 0
uf20-0460 19138 1 2 3 4 5 6 7 8 -9 10 11 12 13 -14 15 -16 17 18 19 20 0
uf20-0461 16927 1 2 3 4 5 6 7 -8 9 10 -11 -12 -13 14 15 16 17 18 19 20 0
uf20-0462 17103 1 2 3 4 5 6 7 8 -9 10 11 -12 13 14 15 16 17 18 19 20 0
uf20-0463 21394 1 2 -3 -4 5 6 7 -8 9 10 11 12 13 14 15 16 17 18 -19 20 0
uf20-0464 16661 1 2 3 -4 5 -6 7 8 9 -10 11 12 -13 -14 15 -16 17 -18 19 20 0
uf20-0465 19476 -1 -2 -3 4 5 -6 -7 8 -9 10 11 12 13 14 -15 -16 17 18 -19 20 0
uf20-0466 21094 1 2 -3 4 5 -6 7 8 9 10 11 -12 -13 14 15 -16 -17 18 19 -20 0
uf20-0467 22025 1 2 3 4 5 -6 7 8 9 10 11 12 13 14 -15 16 -17 -18 19 20 0
uf20-0468 19353 1 -2 3 4 5 -6 7 -8 9 10 11 12 13 -14 15 16 17 -18 19 20 0
uf20-0469 17879 1 -2 -3 4 5 6 7 8 -9 -10 -11 12 13 14 15 -16 17 18 19 20 0
uf20-046 20706 1 2 -3 -4 5 6 7 -8 9 10 11 12 13 14 15 -16 17 18 19 20 0
uf20-0470 20911 1 2 3 4 5 6 7 -8 9 10 11 12 13 14 -15 16 -17 18 -19 20 0
uf20-0471 21411 1 2 3 -4 5 -6 7 8 9 10 11 12 -13 14 -15 -16 -17 18 19 20 0
uf20-0472 19286 1 2 3 4 5 -6 7 8 9 10 -11 12 13 14 15 -16 17 18 19 20 0
uf20-0473 18898 1 2 3 4 5 6 -7 8 9 10 -11 -12 13 14 -15 16 17 18 19 20 0
uf20-0474 17408 1 -2 -3 4 -5 6 7 8 9 10 11 12 13 14 -15 16 17 18 19 -20 0
uf20-0475 20966 1 2 3 4 5 -6 7 8 9 10 11 -12 13 14 15 -16 17 -18 19 20 0
uf20-0476 20306 -1 2 3 4 5 6 -7 8 -9 -10 11 12 13 14 15 16 17 18 19 20 0
uf20-0477 16348 1 -2 3 4 5 6 7 8 9 -10 -11 -12 13 14 -15 16 17 18 19 20 0
uf20-0478 17697 1 2 -3 -4 5 6 7 8 9 10 11 12 13 14 15 -16 -17 18 19 20 0
uf20-0479 19035 1 2 -3 -4 -5 6 7 8 -9 10 11 -12 13 14 15 16 17 18 19 20 0
uf20-047 17074 1 -2 3 4 5 -6 -7 8 -9 10 11 12 13 -14 -15 16 17 18 19 -20 0
uf20-0480 19994 1 2 3 4 5 6 7 8 9 -10 11 12 13 14 15 16 17 18 -19 20 0
uf20-0481 16629 1 2 3 4 -5 6 7 8 -9 10 -11 12 13 14 15 16 17 18 -19 -20 0
uf20-0482 18825 -1 2 3 -4 5 6 7 8 -9 10 11 12 13 14 15 -16 17 -18 -19 -20 0
uf20-0483 19395 -1 2 3 4 5 -6 7 8 9 -10 11 12 13 14 15 16 17 18 -19 20 0
uf20-0484 20596 1 2 3 4 5 6 7 8 -9 -10 -11 -12 13 14 15 16 17 -18 19 20 0
uf20-0485 24438 1 2 3 4 5 6 -7 8 9 -10 -11 12 13 14 15 16 17 18 19 20 0
uf20-0486 24915 1 -2 3 -4 5 6 7 -8 9 10 11 12 13 14 15 -16 17 18 19 20 0
uf20-0487 18412 1 2 3 4 5 6 -7 8 9 10 11 12 13 14 15 -16 17 18 19 20 0
uf20-0488 21131 1 2 3 4 5 -6 7 8 9 10 11 12 13 14 15 16 17 18 19 -20 0
uf20-0489 18369 1 2 3 4 5 6 7 8 -9 10 11 12 13 14 15 -16 17 -18 19 20 0
uf20-048 17812 1 -2 -3 4 5 6 7 8 -9 10 11 -12 13 14 15 16 17 18 19 20 0
uf20-0490 17374 1 2 3 4 5 6 7 8 9 10 11 12 13 14 -15 16 17 18 -19 20 0
uf20-0491 20221 1 2 3 -4 5 6 7 8 9 -10 11 12 13 14 15 16 17 18 19 20 0
uf20-0492 18341 1 2 3 4 5 6 7 -8 9 -10 11 12 -13 -14 15 16 17 18 19 20 0
uf20-0493 19595 1 -2 -3 4 5 6 7 8 9 -10 11 12 -13 14 15 16 17 18 19 20 0
uf20-0494 20162 1 2 -3 4 5 6 7 -8 9 10 -11 12 13 14 15 16 17 18 19 20 0
uf20-0495 20097 1 -2 3 4 5 6 7 -8 -9 10 11 12 -13 -14 15 16 17 18 19 20 0
uf20-0496 17498 1 -2 3 4 5 6 -7 8 -9 10 -11 12 13 14 15 16 17 18 19 20 0
uf20-0497 18847 1 2 -3 -4 5 -6 7 8 -9 -10 11 12 13 -14 15 16 17 -18 19 -20 0
uf20-0498 18752 1 2 3 4 5 6 7 -8 9 10 11 -12 13 14 15 16 17 -18 19 -20 0
uf20-0499 22169 1 2 3 4 5 6 7 8 9 10 11 12 13 14 15 16 17 18 19 20 0
uf20-049 18770 -1 -2 3 4 5 6 7 8 -9 -10 11 12 13 14 15 16 17 -18 19 20 0
uf20-04 21050 -1 -2 -3 4 -5 6 7 8 9 10 11 12 13 14 15 16 -17 18 19 20 0
uf20-0500 20581 -1 2 3 4 5 -6 -7 -8 9 10 11 -12 -13 14 15 16 17 18 19 -20 0
uf20-0501 18167 1 -2 3 -4 -5 6 -7 8 9 10 11 12 13 14 15 16 -17 18 19 20 0
uf20-0502 22096 1 2 3 4 5 6 7 8 9 10 11 -12 13 14 15 16 17 18 -19 20 0
uf20-0503 21788 1 -2 3 4 5 6 7 8 9 10 -11 -12 -13 14 -15 16 17 18 19 20 0
uf20-0504 20974 1 -2 3 4 -5 6 7 8 9 -10 11 12 13 14 15 16 17 18 -19 20 0
uf20-0505 16747 -1 2 3 4 5 6 -7 -8 9 10 11 12 -13 -14 15 16 17 18 19 20 0
uf20-0506 18514 -1 2 3 4 5 6 7 8 9 10 -11 12 13 14 15 16 17 18 19 20 0
uf20-0507 18941 1 2 3 4 5 6 7 -8 9 -10 -11 12 -13 14 15 -16 17 18 -19 20 0
uf20-0508 19108 -1 -2 3 4 -5 6 -7 8 -9 10 11 12 13 -14 15 16 17 18 -19 -20 0
uf20-0509 21890 1 2 3 4 5 6 7 8 9 10 -11 12 -13 14 15 16 -17 18 19 -20 0
uf20-050 18516 -1 -2 3 4 5 6 -7 8 9 10 11 12 -13 14 15 16 -17 18 -19 20 0
uf20-0510 21766 1 2 -3 4 -5 6 7 -8 9 -10 11 12 13 14 15 16 17 -18 19 20 0
uf20-0511 22195 1 2 3 -4 5 6 7 -8 9 10 11 -12 -13 14 15 16 17 18 19 20 0
uf20-0512 19840 1 2 3 4 5 6 7 8 9 -10 -11 12 -13 14 15 16 17 -18 -19 20 0
uf20-0513 19399 1 2 3 4 5 -6 7 8 9 -10 11 12 13 -14 -15 -16 17 18 19 20 0
uf20-0514 17701 1 2 3 4 -5 6 7 -8 9 10 11 -12 13 14 15 16 17 18 19 20 0
uf20-0515 18797 1 2 3 4 -5 -6 7 8 9 10 -11 12 13 14 -15 16 17 18 19 20 0
uf20-0516 20937 1 2 3 4 5 6 7 8 9 10 11 -12 -13 14 15 16 17 18 19 20 0
uf20-0517 18891 1 2 3 4 -5 6 7 8 -9 10 11 12 13 14 -15 16 17 -18 19 20 0
uf20-0518 20596 1 2 3 4 -5 -6 7 8 9 10 11 12 13 14 15 16 17 18 -19 20 0
uf20-0519 17248 -1 2 -3 4 -5 6 7 8 9 10 11 12 13 14 15 16 -17 18 19 -20 0
uf20-051 20085 1 2 3 4 -5 6 -7 8 9 10 11 -12 -13 14 -15 16 -17 18 -19 20 0
uf20-0520 20975 1 2 3 4 5 6 -7 8 9 -10 11 12 13 14 15 16 17 18 19 -20 0
uf20-0521 20809 1 2 3 -4 5 6 7 8 9 -10 11 12 -13 -14 -15 -16 17 18 19 20 0
uf20-0522 22014 1 2 3 4 5 6 7 -8 9 -10 11 12 -13 14 15 16 17 18 19 20 0
uf20-0523 17873 1 2 3 4 -5 6 7 -8 -9 10 11 12 13 14 15 16 -17 18 -19 20 0
uf20-0524 17288 1 -2 -3 4 5 6 7 8 9 10 11 12 13 14 15 -16 -17 18 -19 20 0
uf20-0525 20911 -1 2 3 4 5 6 7 8 9 10 11 12 -13 14 -15 -16 17 18 19 20 0
uf20-0526 19022 1 2 -3 4 5 6 7 8 9 10 11 12 13 14 -15 16 -17 18 19 -20 0
uf20-0527 20510 1 2 3 -4 5 6 7 8 9 -10 11 12 13 14 15 16 17 18 19 20 0
uf20-0528 20958 -1 2 -3 4 -5 6 7 -8 -9 10 11 12 13 14 15 -16 17 -18 19 -20 0
uf20-0529 19322 1 -2 3 4 5 6 7 8 9 10 11 12 13 14 15 -16 17 18 19 20 0
uf20-052 16467 1 2 3 4 5 6 -7 8 9 -10 11 -12 13 14 15 16 17 18 19 20 0
uf20-0530 19748 1 2 3 4 5 6 -7 8 9 -10 11 12 -13 14 -15 -16 17 -18 19 20 0
uf20-0531 19451 1 2 -3 4 5 6 7 8 -9 10 11 12 13 14 15 16 17 18 19 -20 0
uf20-0532 18777 1 2 3 4 5 -6 7 -8 -9 10 11 -12 -13 14 15 16 -17 18 19 20 0
uf20-0533 20548 1 2 3 -4 5 6 7 8 -9 10 -11 12 13 14 15 16 17 -18 19 20 0
uf20-0534 19219 1 -2 3 4 5 -6 7 8 9 10 11 12 13 14 15 16 17 -18 19 20 0
uf20-0535 20208 -1 2 3 4 5 6 -7 8 -9 10 -11 12 13 14 -15 16 -17 18 19 -20 0
uf20-0536 20402 1 2 3 4 -5 -6 -7 8 -9 -10 11 -12 13 14 15 16 17 18 -19 -20 0
uf20-0537 20111 1 2 3 4 -5 6 7 8 9 10 11 12 13 14 15 16 17 -18 -19 20 0
uf20-0538 20043 1 2 -3 4 5 6 7 8 9 -10 11 12 13 -14 15 -16 -17 18 19 20 0
uf20-0539 17431 1 2 3 4 5 6 7 8 9 -10 11 12 13 14 -15 16 -17 -18 -19 20 0
uf20-053 18251 1 2 3 -4 5 6 7 8 9 10 11 12 13 14 15 16 17 -18 19 20 0
uf20-0540 20555 -1 2 3 -4 5 -6 7 8 9 10 11 12 -13 -14 15 -16 17 18 -19 -20 0
uf20-0541 19377 1 2 3 4 -5 -6 7 8 9 -10 11 12 -13 14 15 -16 -17 -18 19 20 0
uf20-0542 17443 1 2 3 4 5 6 7 8 9 -10 -11 12 -13 14 15 -16 -17 18 19 20 0
uf20-0543 20920 -1 2 3 4 5 6 7 8 9 10 11 -12 13 14 15 16 17 18 19 -20 0
uf20-0544 79059 1 2 3 4 5 6 7 8 9 10 11 -12 -13 14 15 -16 17 18 19 -20 0
uf20-0545 66656 1 2 3 4 5 -6 7 -8 9 10 11 12 13 14 -15 16 17 18 19 -20 0
uf20-0546 84307 -1 2 3 4 5 6 7 8 9 10 11 12 13 -14 15 16 -17 18 19 -20 0
uf20-0547 93413 1 2 3 4 -5 -6 7 8 9 10 11 12 13 14 15 16 17 18 19 20 0
uf20-0548 90161 1 2 -3 4 5 6 -7 8 9 -10 -11 12 13 14 15 16 17 18 -19 20 0
uf20-0549 82175 -1 -2 3 4 5 6 -7 -8 9 -10 11 12 13 14 15 16 17 18 19 -20 0
uf20-054 82730 -1 -2 3 4 5 -6 7 8 -9 -10 11 12 13 -14 15 16 17 18 19 20 0
uf20-0550 74993 1 2 3 4 5 6 7 8 -9 10 11 12 -13 -14 15 16 -17 18 19 20 0
uf20-0551 77318 1 -2 3 4 -5 6 7 8 9 10 -11 12 13 14 15 16 -17 18 19 -20 0
uf20-0552 86480 1 2 3 4 5 6 7 -8 9 10 -11 12 13 14 15 16 17 18 19 20 0
uf20-0553 81784 -1 2 3 4 -5 6 7 8 9 -10 -11 12 13 14 15 16 -17 18 -19 20 0
uf20-0554 80650 1 2 3 4 5 6 7 8 9 10 11 12 13 14 15 16 17 18 19 20 0
uf20-0555 75403 1 2 3 -4 -5 6 -7 8 9 10 -11 12 -13 14 15 16 17 18 -19 20 0
uf20-0556 82117 1 2 3 4 5 6 7 8 -9 10 11 12 13 14 15 16 17 18 19 20 0
uf20-0557 84443 -1 2 -3 4 5 6 -7 8 9 10 11 12 13 -14 15 16 -17 -18 -19 20 0
uf20-0558 85386 1 -2 3 -4 5 6 7 -8 9 10 -11 12 -13 14 15 16 17 18 19 -20 0
uf20-0559 81491 1 2 3 4 5 -6 7 8 9 10 11 -12 13 -14 15 16 17 18 -19 -20 0
uf20-055 88952 1 2 -3 4 5 -6 -7 8 9 -10 11 12 13 14 15 16 17 18 -19 -20 0
uf20-0560 73675 1 2 3 -4 -5 6 7 8 9 10 11 12 13 14 -15 -16 17 -18 19 20 0
uf20-0561 74124 -1 2 3 4 5 -6 7 8 9 10 11 -12 13 14 15 16 17 18 19 20 0
uf20-0562 82035 1 -2 3 4 -5 6 7 -8 -9 -10 11 12 13 14 15 16 17 18 -19 20 0
uf20-0563 77152 1 -2 3 4 5 6 -7 8 9 -10 -11 12 13 14 15 16 17 18 19 20 0
uf20-0564 80840 -1 -2 3 4 5 6 7 -8 9 10 -11 12 13 -14 15 16 17 -18 19 20 0
uf20-0565 78687 1 -2 3 4 5 -6 7 8 9 10 11 12 -13 14 -15 -16 17 18 19 20 0
uf20-0566 77057 1 -2 3 4 -5 -6 7 8 9 10 11 12 13 14 15 -16 17 18 -19 20 0
uf20-0567 83411 1 2 3 -4 5 6 -7 8 9 -10 11 12 13 14 -15 16 -17 18 19 -20 0
uf20-0568 70503 1 2 3 4 -5 6 -7 8 -9 10 -11 12 13 14 15 16 17 -18 19 20 0
uf20-0569 81700 -1 2 3 4 5 -6 7 8 9 10 11 12 13 -14 15 -16 -17 18 19 -20 0
uf20-056 75448 1 2 -3 -4 5 6 -7 8 9 -10 11 12 13 14 15 -16 -17 18 19 20 0
uf20-0570 90900 -1 2 3 4 -5 6 7 8 9 10 11 12 13 14 15 16 -17 -18 19 20 0
uf20-0571 71637 1 -2 -3 -4 -5 6 7 8 9 10 11 12 13 14 15 16 17 18 19 20 0
uf20-0572 69659 -1 2 3 4 5 6 7 8 -9 10 -11 12 13 14 -15 16 17 18 -19 20 0
uf20-0573 90341 1 2 3 -4 5 6 7 8 -9 10 11 12 13 14 -15 16 17 18 19 20 0
uf20-0574 67338 1 2 3 4 5 6 7 8 9 10 11 12 13 14 15 -16 17 18 -19 -20 0
uf20-0575 74368 1 -2 3 4 5 6 -7 8 9 10 11 12 13 14 15 16 -17 -18 -19 20 0
uf20-0576 75401 1 2 -3 4 5 -6 7 8 9 10 11 12 13 14 15 -16 -17 18 19 20 0
uf20-0577 68849 1 -2 3 4 5 -6 -7 -8 9 10 11 12 -13 -14 -15 16 -17 18 19 20 0
uf20-0578 82436 1 2 3 4 5 6 -7 8 9 10 -11 12 13 14 15 16 17 18 19 20 0
uf20-0579 78190 1 2 3 4 5 -6 7 8 -9 10 11 12 13 -14 15 16 17 18 19 20 0
uf20-057 77306 1 2 3 4 5 6 7 8 9 10 11 12 13 -14 -15 16 17 18 19 20 0
uf20-0580 83520 1 -2 3 4 5 6 7 8 -9 10 11 12 -13 14 15 16 -17 -18 -19 20 0
uf20-0581 71343 -1 2 3 4 5 6 7 8 9 10 11 12 -13 14 15 -16 -17 18 19 20 0
uf20-0582 72951 -1 2 3 4 5 -6 7 8 9 10 11 -12 -13 14 15 16 17 18 19 20 0
uf20-0583 70167 1 2 3 4 5 -6 7 -8 -9 10 -11 12 13 14 15 -16 17 18 -19 20 0
uf20-0584 75439 -1 -2 3 4 5 6 -7 -8 9 -10 -11 -12 13 14 15 16 -17 18 19 20 0
uf20-0585 75529 1 2 3 4 -5 6 7 8 9 10 -11 12 13 14 15 16 17 18 19 20 0
uf20-0586 82986 1 -2 3 4 5 6 7 8 9 10 11 12 13 14 15 16 17 -18 19 -20 0
uf20-0587 66339 1 2 -3 4 -5 6 7 -8 -9 10 11 12 13 -14 -15 16 -17 -18 19 20 0
uf20-0588 91067 1 2 3 4 -5 -6 -7 8 9 10 11 12 -13 14 -15 16 17 18 19 20 0
uf20-0589 76612 1 2 3 4 5 6 7 8 -9 -10 11 12 13 14 15 16 17 18 19 20 0
uf20-058 80412 1 2 3 -4 5 -6 7 -8 9 10 11 12 13 -14 15 -16 17 18 19 20 0
uf20-0590 86269 -1 2 3 -4 5 -6 -7 -8 9 10 11 12 13 -14 15 16 17 18 -19 -20 0
uf20-0591 89746 1 -2 3 -4 -5 6 -7 8 9 10 11 12 13 14 15 16 -17 18 -19 20 0
uf20-0592 79032 1 2 -3 -4 5 -6 -7 -8 9 10 -11 12 13 14 -15 16 17 18 19 20 0
uf20-0593 80395 -1 2 3 4 5 -6 7 8 9 10 -11 12 13 14 15 16 -17 -18 19 20 0
uf20-0594 71984 1 2 -3 4 -5 6 7 8 9 10 11 -12 13 14 15 16 17 -18 19 -20 0
uf20-0595 78784 -1 2 3 4 5 6 7 8 9 10 11 -12 13 14 -15 16 17 18 19 -20 0
uf20-0596 77505 1 -2 3 4 -5 6 -7 -8 9 -10 -11 12 13 14 15 16 17 18 19 20 0
uf20-0597 85870 1 2 3 4 -5 6 7 8 9 10 -11 12 13 14 -15 -16 17 18 19 20 0
uf20-0598 74994 1 2 3 4 5 6 7 8 9 -10 11 12 -13 14 15 16 17 -18 -19 -20 0
uf20-0599 78923 1 -2 3 -4 5 6 7 8 9 10 11 -12 13 14 15 16 -17 18 19 -20 0
uf20-059 68316 1 2 -3 -4 5 6 7 8 -9 10 11 12 -13 -14 -15 16 17 18 -19 20 0
uf20-05 67392 1 2 3 4 5 6 7 8 -9 10 11 12 13 -14 15 -16 -17 18 -19 -20 0
uf20-0600 76668 1 -2 -3 -4 5 6 7 8 9 10 11 12 -13 -14 15 16 17 -18 19 -20 0
uf20-0601 83264 -1 2 -3 4 5 6 7 8 -9 10 11 12 13 -14 15 16 17 18 19 20 0
uf20-0602 67954 -1 2 3 4 5 6 -7 8 -9 10 11 12 13 14 15 16 17 -18 19 20 0
uf20-0603 72931 1 2 3 4 5 -6 -7 8 9 10 11 -12 -13 14 -15 -16 -17 18 19 20 0
uf20-0604 75604 1 2 -3 4 5 6 7 -8 9 10 11 12 13 14 15 16 17 -18 19 20 0
uf20-0605 91845 -1 2 3 4 5 -6 -7 8 -9 -10 11 12 13 14 15 16 17 18 19 20 0
uf20-0606 73885 -1 2 3 -4 5 6 7 8 9 -10 11 12 13 14 15 16 17 18 -19 20 0
uf20-0607 82133 1 -2 3 4 5 6 7 8 9 10 11 12 -13 14 15 16 -17 18 19 20 0
uf20-0608 90463 -1 -2 3 4 5 -6 7 8 -9 10 11 12 13 14 15 16 -17 -18 19 20 0
uf20-0609 77191 -1 2 3 -4 -5 6 7 8 9 -10 11 12 13 14 -15 16 17 -18 19 20 0
uf20-060 68642 1 2 3 -4 5 6 7 8 9 10 11 12 13 -14 15 16 17 18 19 20 0
uf20-0610 70439 1 2 3 4 5 6 7 8 9 -10 11 12 13 -14 -15 16 17 -18 19 20 0
uf20-0611 84016 1 2 3 4 5 6 7 8 9 10 11 -12 13 14 15 -16 -17 -18 -19 20 0
uf20-0612 82095 -1 2 3 4 -5 6 -7 8 9 10 -11 12 13 14 15 -16 17 -18 19 20 0
uf20-0613 79989 -1 2 3 4 5 6 -7 8 9 -10 11 -12 13 14 -15 16 17 18 19 -20 0
uf20-0614 72582 1 2 -3 -4 5 6 7 -8 9 10 11 12 13 14 15 16 17 18 -19 20 0
uf20-0615 78967 1 2 3 -4 5 6 7 8 -9 10 11 -12 -13 -14 -15 16 17 18 19 20 0
uf20-0616 89220 1 -2 -3 -4 5 6 -7 8 -9 10 11 12 -13 14 -15 16 17 18 19 20 0
uf20-0617 84020 1 -2 3 4 5 6 7 8 9 -10 -11 12 13 14 15 16 17 -18 -19 20 0
uf20-0618 72986 1 2 3 4 5 6 7 -8 9 10 11 12 13 14 -15 -16 17 18 19 20 0
uf20-0619 84162 1 -2 3 4 5 6 7 8 -9 10 11 12 13 14 15 16 17 18 19 -20 0
uf20-061 76421 -1 2 -3 4 5 6 7 8 -9 -10 11 12 13 14 -15 16 17 18 19 20 0
uf20-0620 84301 1 2 3 4 5 6 7 8 -9 10 11 -12 13 14 15 -16 -17 18 -19 -20 0
uf20-0621 76760 1 2 3 4 5 6 7 8 9 10 -11 12 13 -14 15 16 17 18 -19 20 0
uf20-0622 104675 1 2 3 4 5 6 -7 8 9 10 -11 12 -13 14 15 16 17 -18 -19 20 0
uf20-0623 76995 1 2 3 4 5 6 7 8 9 -10 -11 12 13 14 15 16 17 -18 19 20 0
uf20-0624 84290 -1 -2 3 -4 5 6 7 -8 -9 -10 11 12 13 -14 -15 16 17 -18 19 20 0
uf20-0625 74176 1 -2 -3 4 5 6 -7 8 9 10 -11 -12 -13 14 -15 16 17 18 19 20 0
uf20-0626 73137 1 2 3 4 -5 6 -7 -8 -9 10 11 -12 13 14 15 16 17 -18 19 20 0
uf20-0627 83702 1 -2 -3 4 5 -6 7 8 9 -10 11 12 13 14 15 16 17 18 19 20 0
uf20-0628 72616 1 2 3 4 5 6 -7 8 -9 10 11 12 13 14 15 16 17 18 19 20 0
uf20-0629 78354 -1 2 3 4 5 -6 7 8 9 10 11 12 -13 -14 15 16 -17 18 19 20 0
uf20-062 85089 1 -2 3 -4 5 6 7 8 9 -10 -11 12 13 14 -15 16 17 18 -19 20 0
uf20-0630 74090 -1 -2 -3 4 5 6 7 8 9 10 -11 12 13 14 15 16 17 18 19 -20 0
uf20-0631 78899 1 2 3 4 5 -6 7 8 -9 10 11 12 13 -14 15 -16 17 18 19 20 0
uf20-0632 76435 1 2 3 4 -5 6 -7 8 9 10 11 12 13 14 15 16 17 -18 19 -20 0
uf20-0633 76593 1 2 3 4 -5 6 7 -8 9 10 -11 12 -13 14 15 16 17 18 19 20 0
uf20-0634 87583 -1 2 3 4 5 -6 7 -8 9 10 11 12 13 -14 15 16 17 18 19 20 0
uf20-0635 82172 1 -2 3 4 5 6 7 8 9 10 11 12 13 -14 15 16 17 18 19 20 0
uf20-0636 85187 1 2 3 -4 -5 6 7 8 9 10 11 -12 13 -14 -15 16 17 18 19 20 0
uf20-0637 82670 1 2 3 4 5 -6 7 8 9 10 -11 -12 -13 -14 15 16 17 -18 -19 20 0
uf20-0638 80698 1 2 3 4 5 6 7 -8 9 10 11 12 13 14 15 16 -17 18 -19 -20 0
uf20-0639 77522 1 2 3 4 5 6 7 8 9 10 11 12 13 14 15 -16 17 -18 19 20 0
uf20-063 92943 1 2 3 -4 5 6 -7 8 9 -10 11 12 13 -14 15 16 17 18 19 20 0
uf20-0640 81983 1 2 -3 -4 5 6 -7 -8 9 10 -11 12 13 14 15 16 17 18 19 20 0
uf20-0641 71550 1 2 -3 4 5 6 7 8 9 10 -11 -12 -13 14 15 16 17 18 19 -20 0
uf20-0642 81547 1 -2 3 -4 5 6 7 -8 -9 10 11 12 13 14 15 16 17 -18 -19 -20 0
uf20-0643 80571 1 2 3 4 5 6 7 8 -9 10 -11 12 13 14 15 -16 17 18 19 -20 0
uf20-0644 71227 -1 2 3 4 5 -6 7 -8 9 10 11 12 13 14 15 -16 17 18 19 20 0
uf20-0645 92435 1 2 -3 -4 5 6 7 -8 9 10 -11 12 13 14 15 16 17 18 19 20 0
uf20-0646 88278 1 2 3 4 5 -6 7 8 -9 10 11 -12 13 14 15 -16 17 -18 -19 20 0
uf20-0647 79229 1 -2 -3 4 5 6 -7 8 9 10 11 12 13 14 -15 16 -17 18 19 20 0
uf20-0648 93365 1 2 3 4 5 6 -7 8 9 10 11 12 13 14 15 16 17 -18 19 20 0
uf20-0649 85581 -1 2 3 4 5 -6 7 8 9 10 11 12 -13 14 15 16 -17 18 -19 -20 0
uf20-064 82561 1 2 3 -4 5 -6 -7 8 9 10 11 12 -13 14 15 16 17 -18 19 20 0
uf20-0650 88768 1 2 3 -4 -5 6 7 8 9 10 11 -12 13 14 -15 16 17 -18 -19 20 0
uf20-0651 77879 1 -2 3 4 5 6 7 8 9 10 -11 12 -13 14 -15 16 17 18 19 20 0
uf20-0652 75966 1 -2 3 4 5 6 7 8 -9 10 -11 12 -13 14 15 -16 17 18 19 20 0
uf20-0653 87298 1 2 3 4 -5 6 7 8 9 -10 11 12 13 14 -15 16 -17 18 19 20 0
uf20-0654 92281 1 2 -3 4 5 6 7 -8 9 10 11 -12 -13 14 15 16 17 18 -19 -20 0
uf20-0655 82518 1 2 3 4 5 6 -7 8 -9 10 11 12 -13 14 -15 16 -17 18 19 20 0
uf20-0656 80891 1 -2 3 -4 -5 6 7 8 9 10 -11 -12 13 14 15 16 -17 18 -19 20 0
uf20-0657 72454 1 2 -3 4 5 6 7 -8 -9 10 11 12 13 14 -15 16 17 18 -19 20 0
uf20-0658 81444 1 -2 3 4 -5 6 -7 8 9 10 11 12 13 -14 15 16 17 -18 19 20 0
uf20-0659 86083 1 2 -3 4 5 6 -7 8 9 10 -11 12 13 14 15 16 17 -18 19 20 0
uf20-065 81886 1 2 3 4 5 6 7 8 -9 10 11 12 13 14 -15 16 17 18 19 -20 0
uf20-0660 77901 1 2 -3 -4 5 6 -7 8 9 10 11 12 13 14 15 16 17 18 19 -20 0
uf20-0661 68137 1 2 3 -4 -5 6 7 8 9 10 11 12 13 14 15 16 17 18 -19 20 0
uf20-0662 79634 1 2 -3 4 5 6 -7 8 9 10 -11 12 13 14 15 16 17 18 19 20 0
uf20-0663 80778 1 2 -3 4 -5 6 7 8 9 10 -11 12 -13 14 15 -16 17 -18 19 20 0
uf20-0664 72639 1 -2 -3 4 5 6 7 8 9 10 11 12 -13 14 15 -16 17 18 19 20 0
uf20-0665 84300 1 2 -3 -4 5 -6 7 8 9 -10 11 12 13 14 15 16 17 18 19 -20 0
uf20-0666 77900 1 2 -3 4 5 6 -7 -8 -9 10 11 12 -13 14 15 16 17 18 -19 20 0
uf20-0667 85720 1 -2 3 4 5 -6 7 8 9 10 11 12 13 14 -15 -16 17 18 19 20 0
uf20-0668 76489 1 -2 3 4 5 6 7 8 9 10 11 12 13 14 15 16 17 18 19 20 0
uf20-0669 76195 1 2 3 -4 5 6 7 -8 9 10 11 12 13 -14 15 16 -17 18 19 20 0
uf20-066 69009 1 2 3 4 5 6 -7 8 9 -10 -11 12 13 14 15 16 17 18 19 20 0
uf20-0670 85342 1 2 3 -4 5 -6 7 -8 9 10 11 12 13 -14 15 16 17 -18 19 -20 0
uf20-0671 86977 -1 2 3 4 5 6 7 8 9 10 -11 12 13 -14 15 16 17 18 19 20 0
uf20-0672 87372 -1 -2 -3 4 5 6 7 8 9 -10 -11 -12 13 14 15 16 17 18 19 20 0
uf20-0673 90267 -1 2 -3 4 5 6 -7 -8 -9 10 11 12 -13 14 -15 16 -17 -18 19 20 0
uf20-0674 72092 1 -2 3 4 5 6 7 -8 9 10 11 12 13 14 15 16 -17 -18 -19 -20 0
uf20-0675 84568 1 2 3 4 5 6 7 8 9 -10 11 12 13 14 15 16 17 -18 -19 -20 0
uf20-0676 79273 1 2 3 4 5 6 7 8 -9 10 11 12 13 -14 -15 16 -17 -18 19 20 0
uf20-0677 81129 -1 2 3 4 5 6 -7 8 9 10 11 12 -13 14 15 16 -17 18 19 20 0
uf20-0678 50538 -1 2 3 4 5 -6 7 8 9 10 11 12 13 14 -15 16 17 18 -19 -20 0
uf20-0679 42787 1 2 3 4 5 -6 7 8 9 10 -11 -12 13 14 15 16 17 18 19 -20 0
uf20-067 63770 -1 2 3 4 5 6 -7 8 9 10 11 12 -13 14 15 -16 -17 18 19 20 0
uf20-0680 50832 1 2 3 4 5 6 -7 8 9 10 11 12 -13 14 15 16 17 18 19 20 0
uf20-0681 49527 1 2 -3 4 5 6 7 8 9 -10 -11 12 13 14 15 16 -17 18 19 20 0
uf20-0682 48280 -1 2 -3 4 5 6 7 8 -9 10 -11 -12 13 14 15 -16 17 18 19 20 0
uf20-0683 62753 1 -2 -3 -4 -5 6 7 8 -9 10 11 -12 13 14 15 16 17 -18 19 20 0
uf20-0684 47877 1 2 3 -4 -5 -6 7 8 -9 10 11 12 13 14 15 16 17 18 19 -20 0
uf20-0685 50347 1 2 -3 -4 -5 6 7 8 9 10 11 -12 13 14 15 16 17 -18 19 20 0
uf20-0686 46588 -1 2 -3 -4 -5 6 -7 8 9 -10 11 -12 -13 14 15 16 17 18 19 20 0
uf20-0687 61935 1 2 3 4 5 6 7 -8 -9 -10 11 12 13 -14 15 16 17 18 19 20 0
uf20-0688 53810 1 -2 3 4 5 6 7 -8 9 10 -11 12 -13 -14 -15 16 17 18 19 20 0
uf20-0689 54206 1 2 3 -4 -5 6 7 8 9 10 11 12 -13 -14 -15 16 17 18 19 20 0
uf20-068 50637 1 2 3 4 -5 6 7 8 9 -10 11 12 13 14 15 16 -17 18 19 20 0
uf20-0690 50551 1 2 3 4 5 -6 7 8 9 10 11 12 13 14 15 -16 -17 18 19 20 0
uf20-0691 43704 1 2 -3 -4 5 -6 7 8 -9 10 -11 12 13 -14 15 16 17 18 19 -20 0
uf20-0692 48878 1 2 -3 4 5 6 7 -8 9 10 11 12 13 14 15 16 17 18 19 20 0
uf20-0693 47865 -1 -2 3 -4 5 6 7 8 9 10 11 -12 13 14 15 -16 17 18 -19 20 0
uf20-0694 55967 1 2 3 4 5 6 7 -8 -9 10 11 12 -13 -14 -15 16 17 18 19 20 0
uf20-0695 49899 1 2 3 4 5 6 7 8 9 10 11 -12 13 14 15 16 17 18 19 20 0
uf20-0696 47851 1 2 3 4 5 6 7 -8 9 -10 -11 12 13 14 15 -16 17 -18 -19 20 0
uf20-0697 51368 1 2 3 -4 5 -6 7 8 9 10 11 12 13 14 15 16 17 18 19 -20 0
uf20-0698 49780 1 -2 3 4 5 6 7 8 9 10 -11 12 13 14 15 16 17 18 19 -20 0
uf20-0699 51405 1 -2 -3 4 5 -6 7 8 9 10 11 12 13 -14 15 16 17 18 19 20 0
uf20-069 50106 1 2 -3 4 5 6 7 8 9 10 11 12 13 14 15 -16 17 18 19 -20 0
uf20-06 46198 1 2 -3 4 5 -6 7 8 9 10 11 12 13 14 15 16 17 18 19 20 0
uf20-0700 54569 1 2 3 4 5 6 7 -8 9 10 11 12 -13 14 15 16 -17 18 19 20 0
uf20-0701 47794 1 2 3 4 -5 6 7 -8 9 10 -11 -12 13 -14 15 16 -17 18 19 20 0
uf20-0702 50621 1 2 3 4 5 6 -7 -8 9 10 11 12 13 14 15 -16 17 18 19 20 0
uf20-0703 52908 1 -2 3 4 5 6 7 8 9 10 -11 12 13 -14 15 16 17 18 19 -20 0
uf20-0704 56058 -1 2 3 -4 -5 6 7 -8 9 10 11 12 -13 14 -15 16 17 18 19 20 0
uf20-0705 43097 1 2 3 4 5 6 7 -8 9 10 11 12 13 -14 15 16 17 18 19 20 0
uf20-0706 50737 1 -2 3 4 5 6 -7 8 9 10 11 -12 13 14 15 -16 17 18 19 20 0
uf20-0707 45123 1 2 3 4 -5 6 7 -8 9 10 11 12 13 14 15 -16 17 -18 19 20 0
uf20-0708 54473 1 2 3 4 5 6 7 8 9 10 11 12 13 14 -15 -16 17 18 19 20 0
uf20-0709 45306 1 -2 3 4 5 6 7 8 9 10 11 -12 13 14 15 16 17 18 19 20 0
uf20-070 46125 1 2 3 4 5 6 -7 8 9 -10 11 12 13 -14 15 16 17 18 19 -20 0
uf20-0710 55655 1 2 3 -4 5 -6 -7 8 9 -10 11 12 13 14 15 16 -17 18 19 20 0
uf20-0711 56560 -1 2 -3 4 -5 -6 -7 8 9 10 11 12 -13 14 15 16 17 18 19 20 0
uf20-0712 52986 1 2 3 4 -5 6 -7 8 -9 10 -11 12 13 14 -15 -16 17 18 -19 20 0
uf20-0713 49999 1 -2 3 4 5 6 7 8 -9 -10 11 12 13 14 15 16 17 -18 19 20 0
uf20-0714 55718 -1 2 3 4 5 -6 -7 8 9 10 11 12 13 14 15 16 17 18 19 20 0
uf20-0715 54426 -1 -2 3 4 -5 6 -7 8 9 10 11 -12 13 14 15 16 -17 -18 19 20 0
uf20-0716 41219 -1 2 -3 -4 5 6 7 8 -9 -10 -11 12 -13 14 -15 -16 17 -18 19 20 0
uf20-0717 54630 1 2 3 4 5 -6 7 8 9 10 -11 12 -13 14 15 -16 -17 18 -19 -20 0
uf20-0718 50140 1 2 -3 4 -5 6 7 -8 -9 10 11 12 13 14 -15 16 17 -18 19 20 0
uf20-0719 48361 1 2 3 4 5 6 -7 -8 9 -10 -11 12 -13 14 15 16 17 18 19 20 0
uf20-071 50534 1 2 3 -4 5 6 -7 -8 -9 -10 11 12 -13 -14 15 -16 17 18 19 20 0
uf20-0720 52765 -1 2 3 4 5 6 7 8 9 10 11 12 -13 14 15 16 17 18 19 20 0
uf20-0721 44941 1 2 3 4 -5 -6 7 -8 9 -10 11 12 13 14 15 16 17 18 19 20 0
uf20-0722 55355 1 2 -3 4 5 6 7 8 -9 10 11 12 -13 14 15 16 17 18 19 -20 0
uf20-0723 44181 1 -2 3 4 5 6 7 8 9 10 11 12 13 -14 15 16 17 -18 19 20 0
uf20-0724 47323 1 2 3 4 5 6 7 8 -9 10 11 12 13 14 15 16 17 18 19 20 0
uf20-0725 46038 1 2 -3 4 5 6 -7 8 9 10 -11 12 13 14 15 16 17 -18 19 20 0
uf20-0726 46448 1 2 -3 4 -5 6 -7 8 9 10 11 12 -13 -14 15 16 17 18 19 20 0
uf20-0727 49291 1 2 3 4 5 6 -7 8 9 10 11 12 13 -14 15 16 17 -18 19 20 0
uf20-0728 57841 1 -2 3 4 5 6 7 8 -9 10 -11 12 13 -14 15 16 17 18 19 20 0
uf20-0729 47189 1 -2 3 4 -5 6 7 -8 9 -10 11 12 -13 14 -15 16 -17 18 -19 20 0
uf20-072 52356 1 -2 3 4 5 6 7 8 9 10 11 12 -13 14 15 -16 17 18 19 -20 0
uf20-0730 40989 1 2 3 -4 5 6 7 8 9 10 -11 -12 13 -14 -15 16 -17 18 19 20 0
uf20-0731 52003 -1 2 3 4 -5 6 7 8 9 -10 11 12 13 14 -15 16 -17 18 -19 20 0
uf20-0732 51404 1 2 -3 -4 5 6 -7 8 9 10 11 12 13 14 15 16 17 18 -19 20 0
uf20-0733 53691 1 2 -3 4 5 6 7 8 9 10 11 12 -13 14 -15 16 17 -18 -19 20 0
uf20-0734 45641 1 2 -3 4 5 6 7 8 9 10 11 12 13 14 15 16 17 18 19 20 0
uf20-0735 42961 1 2 3 4 -5 -6 -7 8 9 10 11 12 13 14 -15 -16 17 -18 19 20 0
uf20-0736 49510 1 2 3 4 5 6 7 -8 9 10 -11 -12 -13 14 15 -16 17 18 19 20 0
uf20-0737 50012 1 2 3 -4 -5 6 7 -8 -9 10 11 12 13 14 15 -16 -17 -18 -19 20 0
uf20-0738 59656 -1 2 3 4 -5 6 7 8 9 10 11 -12 13 -14 -15 16 17 18 19 20 0
uf20-0739 44953 1 2 3 4 5 6 7 -8 9 10 11 12 13 14 15 16 -17 -18 19 20 0
uf20-073 49881 1 2 3 4 5 6 7 8 9 10 11 12 13 -14 15 16 17 18 19 20 0
uf20-0740 48120 1 -2 3 4 5 6 7 8 9 -10 11 12 -13 14 15 16 17 18 19 20 0
uf20-0741 50050 -1 -2 3 4 5 6 -7 8 9 10 -11 12 -13 14 15 16 -17 18 19 20 0
uf20-0742 49255 1 2 3 4 5 -6 7 8 9 -10 11 12 -13 14 15 16 17 18 19 20 0
uf20-0743 53022 1 2 3 4 5 -6 7 8 -9 -10 11 -12 13 14 15 16 17 18 19 20 0
uf20-0744 53483 1 2 -3 4 5 6 7 8 -9 -10 11 12 13 14 15 16 17 18 19 20 0
uf20-0745 49132 1 2 -3 4 5 6 7 8 -9 10 -11 12 13 -14 15 16 17 -18 -19 20 0
uf20-0746 52420 1 2 3 4 5 6 7 8 9 10 -11 12 13 14 15 16 17 18 19 -20 0
uf20-0747 50441 1 2 -3 -4 5 6 7 8 9 10 -11 12 13 14 15 16 17 18 19 20 0
uf20-0748 56159 -1 2 3 4 -5 6 7 -8 9 10 11 -12 13 14 15 -16 17 -18 19 20 0
uf20-0749 40749 1 2 3 4 5 -6 7 8 9 10 -11 12 13 14 15 16 17 18 19 20 0
uf20-074 47659 -1 2 3 4 5 6 7 8 9 10 11 12 -13 14 15 16 -17 18 -19 20 0
uf20-0750 43476 1 2 3 4 5 6 7 8 9 10 11 12 13 14 -15 16 17 -18 19 20 0
uf20-0751 54901 -1 2 3 4 5 6 -7 8 -9 -10 11 12 13 14 15 16 17 -18 19 20 0
uf20-0752 51965 1 2 3 4 5 6 7 8 9 10 -11 -12 -13 14 15 16 -17 -18 19 -20 0
uf20-0753 54361 1 2 -3 -4 5 6 7 8 9 10 11 12 13 14 -15 16 17 18 19 -20 0
uf20-0754 49671 -1 2 3 4 5 6 7 8 9 10 11 12 -13 14 15 -16 17 -18 19 20 0
uf20-0755 52926 1 2 3 -4 5 6 7 -8 9 10 11 -12 13 14 15 16 17 18 19 -20 0
uf20-0756 49468 1 2 3 4 -5 6 7 8 9 -10 11 12 13 -14 15 16 -17 18 -19 20 0
uf20-0757 49165 1 2 3 4 5 6 -7 8 -9 10 11 12 13 14 15 16 17 18 19 20 0
uf20-0758 47792 -1 2 3 4 5 6 7 8 9 10 11 12 13 14 15 -16 17 18 19 20 0
uf20-0759 44564 1 2 3 4 5 -6 -7 8 9 10 11 -12 13 -14 15 16 17 18 19 20 0
uf20-075 46521 1 -2 3 -4 5 -6 7 -8 9 10 11 12 -13 -14 15 -16 17 18 19 20 0
uf20-0760 54723 1 -2 3 4 5 6 7 8 9 10 11 12 13 -14 -15 16 17 18 19 -20 0
uf20-0761 49199 1 2 3 4 5 -6 7 8 9 10 11 -12 13 14 15 16 17 18 19 20 0
uf20-0762 43851 1 -2 3 4 5 -6 -7 8 9 10 -11 12 13 14 15 16 17 18 19 20 0
uf20-0763 46910 1 2 -3 4 5 6 -7 8 9 10 11 12 13 14 15 16 17 18 19 20 0
uf20-0764 45048 1 2 3 4 -5 -6 7 8 9 10 11 12 -13 -14 -15 16 17 18 19 20 0
uf20-0765 44481 1 -2 -3 4 5 6 7 8 9 10 11 12 13 14 -15 16 17 18 19 -20 0
uf20-0766 56331 1 2 3 -4 5 6 -7 8 9 10 11 12 13 14 15 16 -17 18 -19 20 0
uf20-0767 53141 1 2 -3 -4 5 -6 7 8 9 10 11 12 -13 14 15 16 17 18 19 20 0
uf20-0768 46846 1 2 -3 4 5 -6 7 -8 -9 10 11 12 13 -14 15 16 -17 18 19 20 0
uf20-0769 51509 -1 2 -3 4 5 6 7 8 9 10 11 12 13 14 15 16 -17 18 -19 -20 0
uf20-076 54903 1 -2 -3 4 5 -6 7 -8 -9 10 11 12 13 14 15 16 17 -18 19 20 0
uf20-0770 58212 1 2 3 4 5 6 7 8 9 10 11 -12 13 14 15 16 17 18 19 20 0
uf20-0771 48718 1 2 3 4 5 6 7 8 9 10 11 -12 13 14 15 -16 17 18 -19 -20 0
uf20-0772 48436 1 2 3 4 -5 6 7 8 9 10 11 12 13 14 15 16 17 18 -19 -20 0
uf20-0773 51939 -1 -2 -3 4 5 6 7 8 -9 10 11 12 13 14 15 16 17 18 -19 -20 0
uf20-0774 45251 1 -2 -3 4 -5 -6 7 8 9 10 11 12 -13 14 15 16 -17 18 19 20 0
uf20-0775 55956 1 2 3 4 5 -6 7 8 -9 -10 11 12 -13 14 15 16 -17 18 -19 -20 0
uf20-0776 57322 1 -2 3 4 5 6 7 -8 9 -10 -11 12 -13 14 15 16 17 18 19 20 0
uf20-0777 48963 1 2 3 4 5 6 7 8 9 10 -11 -12 -13 14 15 16 17 18 19 20 0
uf20-0778 60139 1 -2 3 4 -5 6 7 -8 -9 10 11 -12 13 -14 15 -16 17 -18 19 20 0
uf20-0779 55466 -1 2 3 4 -5 6 7 8 -9 10 11 -12 -13 14 15 16 17 18 19 20 0
uf20-077 61097 1 2 -3 4 5 6 7 -8 9 -10 11 12 13 14 15 16 17 -18 19 20 0
uf20-0780 46012 1 -2 3 4 5 6 7 -8 9 10 11 12 13 14 15 16 -17 18 19 20 0
uf20-0781 45779 1 2 3 -4 -5 6 -7 8 -9 -10 11 -12 13 14 -15 16 17 18 19 20 0
uf20-0782 46061 -1 -2 3 4 5 6 7 -8 9 -10 11 12 -13 14 15 16 -17 -18 19 20 0
uf20-0783 57485 1 2 -3 4 5 -6 7 8 9 -10 11 12 13 14 15 16 17 18 19 20 0
uf20-0784 57603 1 2 -3 4 5 -6 7 8 9 10 11 12 13 14 15 16 -17 -18 19 20 0
uf20-0785 48508 -1 2 3 -4 -5 6 7 8 9 10 11 12 13 -14 15 16 17 -18 -19 20 0
uf20-0786 49511 1 2 3 4 5 6 7 8 9 10 -11 12 13 14 -15 16 17 -18 19 20 0
uf20-0787 49197 -1 2 3 4 -5 -6 -7 -8 9 10 11 12 13 14 15 -16 17 18 19 20 0
uf20-0788 53462 1 2 3 -4 5 6 7 8 9 10 11 -12 13 14 15 16 17 18 19 20 0
uf20-0789 40927 1 -2 3 4 -5 6 7 8 -9 10 -11 12 13 -14 -15 16 17 -18 19 20 0
uf20-078 51230 1 2 3 4 5 6 -7 8 9 -10 11 12 -13 14 -15 -16 17 18 19 20 0
uf20-0790 49622 -1 2 3 4 5 6 7 8 9 10 11 12 13 -14 -15 16 17 18 19 20 0
uf20-0791 49185 1 2 3 4 -5 6 7 8 9 10 11 -12 13 -14 15 16 17 18 19 20 0
uf20-0792 52581 1 2 -3 -4 -5 -6 7 8 9 -10 11 12 13 -14 15 16 -17 -18 19 20 0
uf20-0793 54439 1 2 3 4 5 6 7 -8 9 10 11 -12 -13 14 15 16 17 18 19 20 0
uf20-0794 43221 1 2 3 4 5 6 7 8 9 10 11 12 13 14 -15 16 -17 18 -19 20 0
uf20-0795 48401 1 2 3 4 5 6 7 8 9 10 11 12 -13 -14 15 16 -17 18 -19 -20 0
uf20-0796 42994 1 -2 3 -4 5 6 7 8 9 10 11 12 -13 -14 -15 -16 17 18 19 20 0
uf20-0797 57495 1 2 3 4 5 6 7 8 9 10 -11 -12 13 14 15 16 17 18 19 20 0
uf20-0798 39285 1 2 3 4 5 6 7 -8 9 10 11 -12 13 14 15 16 17 18 -19 20 0
uf20-0799 55941 1 2 3 -4 5 6 -7 -8 9 10 11 12 13 14 15 16 17 18 19 -20 0
uf20-079 63376 1 -2 3 -4 5 -6 7 8 9 10 11 12 13 14 15 16 17 -18 19 -20 0
uf20-07 51930 -1 2 3 4 -5 -6 7 8 9 10 -11 12 -13 14 15 16 17 18 19 20 0
uf20-0800 47296 1 2 3 4 -5 6 7 8 9 -10 11 12 13 14 15 -16 17 18 19 -20 0
uf20-0801 47789 1 2 3 4 5 6 7 8 9 10 11 12 -13 14 15 16 17 18 19 20 0
uf20-0802 58961 1 2 3 -4 -5 6 7 8 9 10 11 12 13 -14 15 16 17 18 19 20 0
uf20-0803 48067 1 2 3 -4 5 6 7 -8 9 10 11 12 13 14 15 16 -17 18 19 -20 0
uf20-0804 54109 1 2 3 4 5 -6 -7 8 9 -10 11 12 -13 14 15 16 17 18 -19 20 0
uf20-0805 49545 1 2 3 4 5 6 7 8 9 10 11 12 13 14 -15 16 17 -18 19 20 0
uf20-0806 42052 -1 2 -3 4 5 6 7 8 9 10 11 12 13 14 15 -16 17 -18 -19 20 0
uf20-0807 61389 1 2 3 4 5 6 7 8 -9 -10 11 12 13 14 15 16 17 -18 19 -20 0
uf20-0808 62613 -1 2 3 4 5 6 7 8 -9 10 11 12 13 14 15 16 -17 18 -19 20 0
uf20-0809 54008 -1 -2 3 4 5 6 7 8 9 10 -11 12 13 14 15 16 17 18 19 -20 0
uf20-080 103773 1 2 3 4 5 6 7 8 9 10 11 12 13 14 15 16 -17 -18 -19 20 0
uf20-0810 120044 -1 -2 3 4 5 6 7 -8 9 10 11 -12 13 -14 15 16 17 -18 19 20 0
uf20-0811 91457 1 2 3 4 5 -6 7 8 9 10 11 -12 -13 14 15 16 17 18 19 20 0
uf20-0812 95201 1 2 3 4 5 6 7 8 9 -10 11 12 -13 14 15 16 17 18 -19 20 0
uf20-0813 97656 1 2 3 4 5 -6 7 -8 9 10 11 12 13 14 -15 16 17 18 -19 20 0
uf20-0814 98836 1 2 3 4 5 6 7 8 9 -10 11 12 13 14 15 16 -17 -18 19 -20 0
uf20-0815 94831 1 2 3 4 5 6 7 8 9 -10 11 12 13 14 15 16 17 -18 19 -20 0
uf20-0816 94015 1 2 3 -4 5 6 7 -8 -9 -10 11 12 13 14 15 -16 17 18 19 20 0
uf20-0817 100646 -1 2 -3 4 -5 -6 7 8 9 10 11 12 13 -14 -15 16 17 18 19 20 0
uf20-0818 94779 -1 2 3 -4 5 6 7 8 9 10 11 -12 -13 -14 15 16 17 18 19 20 0
uf20-0819 94476 1 2 -3 4 5 6 7 8 9 -10 11 -12 13 14 15 16 17 18 19 20 0
uf20-081 94318 1 2 3 4 5 6 7 8 9 10 11 -12 13 -14 15 16 17 18 19 -20 0
uf20-0820 104916 1 2 3 4 5 -6 7 8 9 10 11 12 13 14 15 -16 17 18 19 -20 0
uf20-0821 86434 1 2 3 4 -5 -6 7 8 -9 10 -11 12 -13 14 15 16 -17 18 19 -20 0
uf20-0822 115128 -1 2 -3 4 5 6 7 8 9 10 -11 12 13 14 15 -16 17 18 -19 20 0
uf20-0823 102038 1 -2 -3 4 5 6 7 -8 9 10 11 12 13 14 15 -16 17 -18 19 20 0
uf20-0824 100504 1 -2 -3 4 5 -6 7 -8 9 -10 11 12 -13 14 15 16 17 18 19 20 0
uf20-0825 100271 1 -2 3 4 -5 -6 -7 8 9 -10 11 12 13 14 15 16 17 18 19 20 0
uf20-0826 91861 1 2 3 4 5 -6 7 -8 9 -10 11 12 -13 14 15 16 17 18 19 20 0
uf20-0827 93504 1 -2 -3 4 5 6 7 -8 9 10 11 12 13 14 -15 16 17 18 19 -20 0
uf20-0828 103946 1 -2 3 4 5 6 7 8 9 10 11 12 13 14 15 -16 17 -18 19 20 0
uf20-0829 110305 1 2 3 4 -5 6 -7 8 9 10 11 12 -13 14 15 16 17 18 19 20 0
uf20-082 113864 1 2 3 -4 5 6 7 8 -9 10 11 12 -13 14 15 16 -17 -18 19 20 0
uf20-0830 97686 1 -2 3 -4 5 6 -7 8 9 10 11 12 -13 14 15 16 17 18 19 20 0
uf20-0831 99279 -1 2 3 4 5 6 7 8 9 10 11 12 13 -14 15 16 17 -18 19 20 0
uf20-0832 87081 1 2 3 4 5 -6 -7 8 -9 10 11 -12 13 -14 -15 16 17 -18 19 20 0
uf20-0833 99704 -1 2 3 -4 -5 6 -7 8 -9 10 -11 12 13 14 15 16 17 18 19 20 0
uf20-0834 88655 -1 -2 3 4 5 6 7 -8 -9 -10 -11 12 -13 -14 15 16 -17 18 -19 20 0
uf20-0835 93885 -1 2 3 4 5 6 7 8 9 -10 11 12 13 14 15 -16 17 18 19 20 0
uf20-0836 86557 1 -2 3 -4 5 6 7 8 9 -10 -11 12 13 14 15 16 -17 -18 19 20 0
uf20-0837 98888 1 -2 3 4 5 6 -7 -8 9 10 -11 12 13 14 -15 -16 17 18 19 -20 0
uf20-0838 119384 1 -2 -3 -4 5 -6 7 8 9 -10 11 12 13 14 -15 16 17 18 19 20 0
uf20-0839 115790 -1 2 3 4 5 6 -7 8 -9 10 11 12 13 14 -15 -16 17 18 19 20 0
uf20-083 82405 1 2 3 4 -5 -6 -7 8 9 10 11 12 13 14 15 16 17 18 -19 20 0
uf20-0840 87373 1 2 3 -4 5 6 -7 8 -9 10 -11 12 13 14 15 16 17 18 19 20 0
uf20-0841 103081 1 2 3 4 5 6 7 8 -9 10 -11 12 -13 14 15 16 17 18 -19 20 0
uf20-0842 95270 1 -2 -3 -4 5 6 7 8 9 10 11 12 -13 -14 -15 16 17 18 19 20 0
uf20-0843 96929 1 -2 3 4 -5 -6 -7 8 9 -10 11 12 -13 14 15 16 17 18 19 20 0
uf20-0844 95607 1 2 3 4 5 6 7 8 9 10 11 12 -13 14 15 16 17 18 19 20 0
uf20-0845 99226 1 -2 3 4 5 -6 7 8 9 10 11 12 13 -14 15 16 17 18 19 20 0
uf20-0846 96111 1 2 3 4 5 6 7 8 9 10 11 12 13 14 15 16 17 -18 19 20 0
uf20-0847 84990 -1 2 -3 4 -5 -6 7 -8 9 -10 11 12 13 14 15 16 -17 -18 19 20 0
uf20-0848 83873 -1 2 3 4 5 -6 7 -8 9 10 11 12 -13 14 15 16 17 18 19 -20 0
uf20-0849 89026 1 2 3 4 5 6 7 8 9 10 11 -12 13 14 15 16 17 18 -19 20 0
uf20-084 92585 1 2 -3 4 5 6 -7 8 9 10 11 12 13 14 15 16 -17 -18 -19 20 0
uf20-0850 88430 1 -2 -3 -4 5 -6 -7 8 9 -10 11 12 13 14 15 16 17 18 19 20 0
uf20-0851 106457 1 2 3 -4 -5 6 7 8 9 -10 -11 12 -13 14 15 16 17 -18 -19 20 0
uf20-0852 100840 1 2 -3 4 5 -6 7 -8 9 -10 11 12 13 14 -15 16 17 18 19 -20 0
uf20-0853 106447 1 2 3 4 5 6 -7 8 9 -10 11 -12 13 14 -15 16 17 18 -19 20 0
uf20-0854 97129 1 -2 3 -4 5 -6 -7 8 9 -10 11 -12 13 -14 15 -16 17 18 19 -20 0
uf20-0855 89029 -1 2 -3 4 5 6 7 8 9 10 11 12 13 14 15 16 17 18 19 20 0
uf20-0856 109333 -1 -2 3 4 5 -6 7 8 9 -10 11 12 13 14 15 -16 17 18 19 -20 0
uf20-0857 100800 1 -2 -3 4 -5 6 7 8 9 -10 11 12 -13 -14 15 -16 17 18 19 20 0
uf20-0858 93021 1 2 -3 4 5 6 7 8 -9 10 -11 12 -13 -14 15 16 17 18 19 20 0
uf20-0859 94526 1 2 -3 4 5 6 -7 8 9 10 11 -12 13 14 15 16 17 18 19 20 0
uf20-085 88758 1 2 3 4 5 6 7 8 9 -10 11 12 13 -14 15 -16 17 18 19 20 0
uf20-0860 90881 1 2 -3 4 5 6 7 8 -9 10 11 12 -13 -14 15 16 -17 18 19 20 0
uf20-0861 109618 1 2 -3 4 5 -6 -7 8 9 10 11 -12 13 14 15 16 17 18 -19 20 0
uf20-0862 118298 1 2 3 -4 5 6 7 -8 9 10 -11 12 13 14 15 16 17 18 19 20 0
uf20-0863 115358 -1 2 3 4 5 6 7 8 9 10 11 -12 13 14 15 16 17 18 19 20 0
uf20-0864 94395 1 2 3 4 5 6 7 8 9 10 11 12 13 14 -15 16 17 18 19 20 0
uf20-0865 94463 1 -2 3 4 -5 6 7 8 9 -10 11 -12 13 14 15 16 17 -18 19 -20 0
uf20-0866 104714 1 2 3 -4 5 6 -7 8 9 10 11 12 -13 14 -15 16 17 18 -19 20 0
uf20-0867 77876 1 -2 3 4 5 6 7 8 9 10 11 12 13 14 15 16 17 18 -19 -20 0
uf20-0868 109665 -1 2 3 4 -5 6 7 8 9 -10 11 12 13 14 15 16 17 18 -19 20 0
uf20-0869 87888 -1 2 3 -4 5 -6 7 8 9 10 11 12 -13 14 15 -16 17 18 19 20 0
uf20-086 101151 1 2 3 -4 5 6 7 -8 9 10 11 12 13 -14 15 16 17 -18 -19 20 0
uf20-0870 88027 1 2 3 4 5 -6 7 8 -9 10 11 12 -13 14 15 16 17 -18 19 20 0
uf20-0871 94748 1 2 -3 -4 5 6 7 8 9 -10 11 12 13 14 -15 -16 17 18 19 20 0
uf20-0872 103817 -1 2 -3 4 5 -6 7 8 9 10 -11 -12 13 14 15 -16 17 18 19 20 0
uf20-0873 92024 1 2 -3 4 5 6 7 -8 9 10 11 -12 13 14 15 16 17 18 19 20 0
uf20-0874 91762 1 2 3 -4 5 6 7 -8 9 10 11 12 -13 14 15 16 -17 -18 19 20 0
uf20-0875 105529 1 2 3 -4 5 6 7 8 9 10 -11 12 13 14 15 -16 17 18 -19 20 0
uf20-0876 111577 1 2 3 -4 5 6 7 8 9 -10 11 12 13 14 15 16 -17 18 -19 20 0
uf20-0877 93889 -1 -2 -3 4 -5 6 7 8 9 -10 11 -12 13 14 15 16 17 18 -19 -20 0
uf20-0878 98623 -1 -2 3 4 -5 6 7 -8 9 10 11 12 13 -14 15 16 -17 18 19 20 0
uf20-0879 80292 1 -2 3 -4 5 6 7 8 9 10 11 -12 13 14 15 -16 17 18 19 20 0
uf20-087 97805 1 2 3 -4 -5 6 7 8 -9 10 11 12 13 -14 15 16 17 18 19 20 0
uf20-0880 102987 1 2 3 4 5 6 -7 -8 9 10 11 -12 -13 14 -15 16 17 18 19 20 0
uf20-0881 109452 1 2 3 4 -5 6 7 -8 9 -10 11 12 13 -14 15 16 17 18 19 20 0
uf20-0882 81840 1 2 3 4 5 6 7 8 9 10 11 -12 13 14 15 16 -17 18 19 20 0
uf20-0883 111867 1 -2 3 -4 5 6 7 8 9 10 11 12 13 14 -15 -16 17 18 -19 -20 0
uf20-0884 96205 1 2 3 4 5 6 7 8 9 10 11 -12 13 14 15 16 17 -18 19 20 0
uf20-0885 106817 1 2 -3 4 5 6 7 8 9 -10 11 12 13 14 15 -16 17 18 19 20 0
uf20-0886 78273 1 2 3 -4 5 6 7 8 9 10 11 12 -13 14 -15 16 17 18 19 20 0
uf20-0887 86978 -1 2 3 4 -5 6 -7 8 9 -10 -11 -12 13 14 15 16 17 -18 19 20 0
uf20-0888 99511 1 2 3 -4 5 6 -7 8 9 10 11 -12 13 14 15 16 17 18 19 20 0
uf20-0889 80330 1 -2 3 4 5 -6 -7 8 9 -10 11 12 -13 14 15 16 17 18 19 20 0
uf20-088 97408 1 2 3 4 5 6 7 8 -9 10 -11 12 13 14 15 16 -17 18 19 20 0
uf20-0890 89695 -1 2 3 4 5 6 7 8 9 -10 -11 12 -13 -14 15 16 -17 -18 -19 20 0
uf20-0891 101218 -1 -2 -3 4 5 6 7 8 9 10 11 12 13 14 15 16 17 18 19 -20 0
uf20-0892 89838 1 2 -3 4 5 6 7 8 9 10 11 12 13 14 -15 16 -17 18 -19 -20 0
uf20-0893 98250 -1 2 -3 4 5 6 7 8 -9 10 11 12 13 14 -15 16 17 -18 19 -20 0
uf20-0894 91361 1 2 3 4 5 6 7 8 9 10 11 12 13 14 15 -16 17 18 19 20 0
uf20-0895 91190 1 2 -3 4 5 6 -7 8 9 10 11 -12 -13 14 15 16 17 18 19 -20 0
uf20-0896 96704 -1 2 3 -4 5 6 -7 8 9 -10 11 12 -13 14 15 16 17 18 -19 20 0
uf20-0897 99382 1 2 -3 4 5 -6 7 8 9 10 11 12 13 14 15 16 17 18 19 -20 0
uf20-0898 95814 -1 2 -3 -4 5 6 7 8 -9 10 11 12 13 -14 15 -16 -17 18 19 20 0
uf20-0899 88648 1 2 -3 -4 5 6 -7 8 9 10 -11 12 13 14 15 16 17 18 19 20 0
uf20-089 105270 1 2 -3 4 -5 6 7 8 -9 10 11 12 13 -14 -15 16 17 18 19 -20 0
uf20-08 84875 1 2 3 4 5 6 -7 -8 -9 -10 11 -12 13 14 15 16 -17 18 -19 20 0
uf20-0900 95346 1 -2 3 -4 5 6 7 8 9 -10 -11 12 13 14 -15 16 17 18 -19 20 0
uf20-0901 87684 1 -2 3 4 -5 6 7 8 9 10 11 12 -13 14 15 16 17 18 19 20 0
uf20-0902 102085 1 2 3 4 5 6 7 -8 -9 10 11 12 13 14 15 16 17 -18 19 -20 0
uf20-0903 88411 1 2 3 4 5 6 7 -8 -9 10 11 -12 -13 -14 15 -16 17 18 19 20 0
uf20-0904 97795 1 -2 3 4 5 6 -7 8 9 10 -11 12 13 14 15 16 -17 18 19 -20 0
uf20-0905 111136 1 2 3 4 -5 -6 7 -8 9 10 11 -12 13 14 15 16 17 18 19 -20 0
uf20-0906 114807 1 2 3 4 -5 6 7 8 -9 -10 11 12 -13 14 15 16 17 -18 -19 20 0
uf20-0907 94249 1 2 3 4 -5 -6 7 -8 9 10 11 12 13 -14 -15 16 -17 18 -19 20 0
uf20-0908 92853 1 -2 3 4 -5 -6 7 8 9 10 11 12 -13 14 -15 -16 17 18 19 20 0
uf20-0909 98059 -1 2 -3 4 5 -6 7 8 9 10 -11 12 13 14 15 -16 17 18 -19 20 0
uf20-090 104313 1 2 3 4 5 6 7 8 -9 10 11 12 13 14 15 16 17 18 19 20 0
uf20-0910 96446 -1 -2 3 4 5 6 7 8 -9 -10 11 12 13 14 15 -16 17 -18 19 20 0
uf20-0911 120505 1 2 3 -4 5 6 7 8 9 -10 11 12 13 14 15 16 17 18 19 -20 0
uf20-0912 110226 1 2 3 -4 5 6 7 8 -9 10 11 -12 13 14 15 -16 -17 18 19 20 0
uf20-0913 93752 1 2 3 4 5 6 7 8 9 10 11 -12 -13 14 15 -16 -17 18 -19 20 0
uf20-0914 104747 1 2 3 4 5 6 7 -8 9 -10 -11 12 -13 14 15 16 17 18 19 20 0
uf20-0915 97201 -1 2 -3 4 5 6 -7 8 -9 10 11 12 13 14 15 16 17 18 19 -20 0
uf20-0916 91624 1 2 -3 4 5 -6 7 8 -9 10 11 12 13 14 15 16 17 18 19 20 0
uf20-0917 101607 1 2 -3 4 5 -6 7 8 -9 10 11 12 13 -14 -15 16 17 18 19 20 0
uf20-0918 81179 -1 2 3 4 5 6 -7 8 -9 -10 11 12 13 14 -15 16 17 18 -19 20 0
uf20-0919 88236 -1 2 3 4 -5 6 -7 -8 9 10 11 12 13 14 15 16 17 -18 19 20 0
uf20-091 93868 -1 2 3 4 -5 6 7 8 9 10 -11 12 13 14 15 16 17 18 -19 -20 0
uf20-0920 91374 1 2 3 4 5 6 7 8 -9 10 11 12 13 14 15 16 17 18 19 20 0
uf20-0921 90879 1 -2 3 -4 5 6 7 8 9 10 11 12 13 14 15 16 17 18 19 -20 0
uf20-0922 91695 1 -2 -3 4 5 6 7 8 9 10 11 -12 13 14 15 16 17 18 19 20 0
uf20-0923 86102 -1 2 3 4 -5 -6 7 8 9 10 11 12 13 -14 15 16 17 18 19 20 0
uf20-0924 83328 1 2 3 -4 5 6 7 8 9 -10 11 12 -13 14 -15 16 17 18 -19 20 0
uf20-0925 110638 -1 2 3 4 5 6 7 8 9 10 11 12 13 14 15 16 -17 18 19 -20 0
uf20-0926 91074 1 2 -3 4 5 6 7 8 9 10 11 12 13 14 15 -16 -17 18 19 20 0
uf20-0927 94126 1 -2 -3 4 5 6 7 8 9 -10 -11 12 13 14 15 16 17 18 19 -20 0
uf20-0928 100458 1 2 -3 4 5 -6 7 8 9 10 11 12 13 14 15 -16 17 18 19 20 0
uf20-0929 92379 1 2 3 4 -5 6 7 8 9 10 11 12 -13 -14 -15 16 17 18 19 -20 0
uf20-092 88438 1 2 3 4 5 6 7 8 9 -10 11 12 13 14 15 16 17 18 19 20 0
uf20-0930 93977 1 2 3 4 5 -6 7 8 9 10 11 -12 -13 14 15 16 17 18 -19 20 0
uf20-0931 92477 -1 2 -3 -4 5 6 7 8 9 10 11 12 13 -14 -15 16 17 -18 19 -20 0
uf20-0932 104780 1 2 3 4 5 -6 7 8 9 10 11 12 -13 14 -15 16 17 18 19 20 0
uf20-0933 83846 1 2 3 -4 -5 6 7 8 -9 -10 11 12 13 -14 -15 16 17 18 19 -20 0
uf20-0934 81584 1 2 3 4 5 -6 7 8 9 -10 11 -12 13 14 15 16 17 18 19 -20 0
uf20-0935 96740 1 2 3 4 5 6 7 8 -9 10 -11 12 13 14 15 16 17 18 19 20 0
uf20-0936 100251 1 2 3 4 5 6 -7 8 9 10 11 12 -13 14 15 16 17 -18 19 -20 0
uf20-0937 88765 1 2 -3 -4 -5 6 7 -8 -9 10 11 12 -13 14 15 -16 17 18 19 20 0
uf20-0938 101703 1 -2 3 4 5 6 7 8 -9 10 11 12 13 14 -15 16 17 -18 19 20 0
uf20-0939 102784 -1 2 3 -4 5 -6 7 8 9 10 11 12 -13 14 -15 16 17 18 19 20 0
uf20-093 86043 -1 2 3 4 5 -6 7 -8 9 10 -11 -12 13 14 15 -16 17 -18 19 20 0
uf20-0940 92194 -1 2 3 4 5 6 7 -8 9 -10 11 12 -13 14 15 16 17 -18 19 20 0
uf20-0941 92394 -1 -2 3 4 -5 -6 -7 8 -9 10 11 12 -13 14 15 -16 17 18 -19 20 0
uf20-0942 103485 1 2 3 4 5 -6 7 8 9 -10 11 12 13 14 15 -16 17 18 19 20 0
uf20-0943 95626 -1 2 3 4 -5 -6 7 8 -9 10 11 12 13 14 15 16 17 18 19 -20 0
uf20-0944 92599 1 2 -3 4 5 6 7 8 9 10 11 12 13 -14 15 16 17 -18 19 20 0
uf20-0945 93175 1 2 -3 4 5 6 7 8 9 10 11 12 13 14 -15 -16 17 18 19 20 0
uf20-0946 86971 1 -2 3 4 5 6 7 8 9 10 11 12 13 -14 -15 16 -17 18 19 20 0
uf20-0947 102293 1 -2 3 4 -5 -6 7 8 9 10 11 12 13 14 15 16 17 18 19 20 0
uf20-0948 82612 1 2 3 4 5 -6 7 8 -9 10 11 12 13 14 15 16 17 18 19 20 0
uf20-0949 84958 1 2 -3 -4 -5 -6 7 8 9 -10 11 -12 13 14 -15 -16 17 18 19 -20 0
uf20-094 86152 1 2 3 4 5 6 -7 8 9 -10 11 12 13 -14 15 16 17 18 -19 20 0
uf20-0950 83626 -1 -2 3 4 5 6 7 8 9 10 11 12 13 14 -15 16 17 -18 19 20 0
uf20-0951 84719 1 2 -3 4 -5 6 7 8 9 -10 -11 12 13 -14 15 16 17 18 19 20 0
uf20-0952 100669 1 -2 3 4 5 6 -7 8 9 10 11 12 13 14 15 -16 -17 18 -19 20 0
uf20-0953 110277 1 2 3 -4 5 -6 7 8 9 10 11 12 13 14 15 16 17 -18 -19 -20 0
uf20-0954 81327 -1 2 3 4 5 6 7 -8 9 10 11 12 13 14 15 16 17 -18 19 -20 0
uf20-0955 97732 1 2 3 4 5 -6 7 8 9 10 -11 12 13 14 15 16 17 18 19 20 0
uf20-0956 86277 1 2 3 -4 5 6 7 -8 9 10 -11 12 13 -14 -15 16 17 18 19 -20 0
uf20-0957 93445 1 -2 3 4 -5 6 7 8 9 10 11 12 13 14 15 16 17 18 -19 20 0
uf20-0958 83757 -1 2 3 4 5 6 -7 8 9 -10 11 12 -13 -14 15 16 -17 18 19 20 0
uf20-0959 84758 1 2 3 4 -5 6 7 8 9 -10 11 -12 13 14 15 16 17 18 19 -20 0
uf20-095 82055 1 -2 3 4 -5 6 7 8 9 10 11 12 -13 14 15 16 17 18 -19 20 0
uf20-0960 79179 1 2 -3 4 5 -6 7 8 9 10 11 -12 13 14 15 16 -17 -18 -19 20 0
uf20-0961 80394 1 -2 -3 4 -5 6 7 8 9 -10 11 -12 -13 -14 15 -16 17 18 -19 20 0
uf20-0962 98079 -1 2 -3 4 5 -6 7 8 9 10 -11 -12 13 14 15 16 17 18 19 -20 0
uf20-0963 92984 1 -2 -3 4 5 -6 7 8 9 10 11 12 13 -14 15 16 17 18 -19 20 0
uf20-0964 85049 1 2 -3 4 5 6 7 8 9 10 11 -12 -13 14 15 16 17 -18 19 20 0
uf20-0965 107048 1 2 3 4 5 6 7 8 9 10 11 12 13 14 15 16 -17 -18 19 20 0
uf20-0966 85290 -1 -2 3 4 5 6 7 8 -9 10 11 12 13 14 15 16 17 18 19 20 0
uf20-0967 79550 -1 2 -3 -4 5 6 7 8 9 -10 11 12 13 -14 15 16 -17 18 19 20 0
uf20-0968 78593 1 2 3 4 -5 6 -7 -8 -9 -10 11 12 13 -14 -15 -16 17 -18 19 20 0
uf20-0969 82221 -1 2 3 4 5 6 7 8 -9 -10 11 12 -13 -14 15 -16 17 18 19 20 0
uf20-096 97243 1 2 3 4 5 6 7 8 9 10 -11 12 -13 14 15 16 17 18 19 20 0
uf20-0970 76141 1 -2 -3 -4 5 6 7 8 9 -10 -11 -12 -13 14 15 16 -17 18 19 20 0
uf20-0971 103666 1 2 -3 4 5 -6 -7 8 9 10 11 12 -13 -14 -15 16 17 18 19 20 0
uf20-0972 84757 1 2 3 4 -5 6 -7 8 9 10 11 12 13 14 15 16 17 -18 19 20 0
uf20-0973 82075 1 2 3 4 5 6 7 -8 9 10 11 -12 13 14 -15 16 -17 18 19 20 0
uf20-0974 89327 1 2 3 4 5 6 -7 -8 9 10 -11 -12 13 14 15 -16 17 18 19 20 0
uf20-0975 86462 1 2 3 4 5 -6 7 8 9 10 11 12 13 14 15 16 17 18 19 20 0
uf20-0976 83853 1 2 -3 4 5 6 7 -8 9 10 11 12 13 14 15 16 17 -18 19 -20 0
uf20-0977 89777 1 2 3 4 5 -6 7 -8 9 10 11 12 13 14 15 16 17 -18 19 20 0
uf20-0978 84784 1 2 3 4 5 6 7 8 -9 10 11 12 13 14 -15 16 17 18 19 20 0
uf20-0979 90830 1 2 -3 4 5 -6 7 8 9 10 -11 12 13 14 -15 16 17 -18 19 20 0
uf20-097 83977 1 2 3 4 -5 6 -7 8 9 10 -11 -12 13 -14 -15 16 17 18 19 20 0
uf20-0980 91655 -1 -2 3 -4 -5 6 7 8 9 10 11 12 13 14 -15 16 17 -18 19 20 0
uf20-0981 84319 -1 2 3 4 -5 -6 7 8 9 10 11 -12 -13 14 15 16 -17 18 19 -20 0
uf20-0982 91636 1 -2 3 -4 -5 -6 7 8 9 10 11 -12 -13 -14 15 16 17 18 19 -20 0
uf20-0983 98832 1 2 3 4 5 6 -7 -8 -9 10 11 12 13 14 15 -16 17 18 19 20 0
uf20-0984 76014 1 2 -3 -4 5 6 -7 -8 9 10 -11 -12 13 -14 15 16 17 18 19 -20 0
uf20-0985 82795 1 2 3 4 5 6 -7 -8 9 10 11 12 13 14 15 16 17 -18 19 20 0
uf20-0986 89247 -1 2 3 4 -5 6 7 8 -9 10 -11 -12 13 -14 15 16 17 18 19 20 0
uf20-0987 82947 1 2 3 4 5 6 7 8 9 10 11 12 -13 14 15 -16 -17 18 -19 20 0
uf20-0988 100946 -1 2 -3 4 5 6 -7 8 -9 10 11 12 -13 14 15 16 -17 18 19 20 0
uf20-0989 81895 1 2 -3 4 5 6 -7 8 9 10 -11 12 13 -14 15 -16 17 18 19 20 0
uf20-098 93043 1 2 -3 -4 5 6 -7 8 -9 10 11 12 13 14 15 16 17 -18 19 20 0
uf20-0990 87293 1 -2 3 -4 5 6 7 8 -9 10 11 12 13 -14 15 16 17 18 19 20 0
uf20-0991 93156 1 -2 3 4 5 6 -7 8 9 10 11 12 13 14 -15 16 17 18 19 20 0
uf20-0992 88100 -1 -2 -3 4 5 6 7 8 9 10 11 12 -13 14 15 16 17 -18 19 -20 0
uf20-0993 83798 1 2 3 4 5 6 -7 8 -9 10 11 12 13 14 -15 16 17 18 19 20 0
uf20-0994 90699 1 2 3 -4 5 6 7 8 9 10 11 12 13 -14 15 -16 17 -18 19 -20 0
uf20-0995 86324 1 2 3 4 5 6 -7 8 -9 10 11 12 13 -14 15 16 17 18 -19 20 0
uf20-0996 91339 1 2 -3 -4 5 6 7 -8 9 10 11 12 13 -14 15 16 17 18 19 20 0
uf20-0997 93370 1 2 3 -4 5 6 7 8 9 10 11 12 13 14 15 16 -17 18 -19 20 0
uf20-0998 102010 1 2 3 4 -5 6 7 8 9 10 11 12 13 -14 15 16 17 18 19 20 0
uf20-0999 86494 1 2 3 4 5 -6 7 8 9 -10 -11 12 13 14 15 16 17 18 19 20 0
uf20-099 92684 1 2 3 -4 -5 -6 7 8 9 10 11 -12 13 14 -15 -16 17 18 -19 20 0
uf20-09 88338 -1 2 3 4 5 6 7 -8 9 10 11 12 13 14 15 16 17 -18 19 20 0
