uf20-01000 10282 -1 2 3 -4 5 6 7 8 9 10 -11 12 13 14 -15 16 -17 18 19 -20 0
uf20-0100 12434 1 2 3 4 5 -6 -7 8 9 10 11 12 13 14 15 16 -17 -18 19 20 0
uf20-0101 11044 1 2 3 4 -5 6 -7 8 -9 10 11 -12 -13 14 15 16 17 18 19 20 0
uf20-0102 9439 -1 2 3 4 -5 6 7 -8 9 10 -11 12 13 14 15 16 17 -18 -19 -20 0
uf20-0103 12523 -1 2 3 4 5 6 -7 8 9 10 11 12 13 -14 15 16 -17 18 19 -20 0
uf20-0104 11510 1 2 3 4 5 -6 7 8 9 -10 11 12 13 -14 15 16 17 -18 -19 20 0
uf20-0105 13978 1 2 3 4 5 6 7 -8 9 10 11 12 -13 -14 15 16 17 18 19 20 0
uf20-0106 14470 -1 2 3 4 5 6 7 8 9 10 11 12 13 14 15 16 -17 18 19 20 0
uf20-0107 12257 1 -2 3 4 5 6 7 8 9 10 11 12 -13 14 -15 16 17 18 19 -20 0
uf20-0108 17614 1 2 3 4 5 6 7 8 9 10 11 -12 13 14 15 16 17 18 19 20 0
uf20-0109 8764 1 -2 3 -4 5 6 7 -8 9 10 11 -12 13 14 15 -16 -17 18 19 -20 0
uf20-010 15483 -1 2 3 4 5 6 7 8 9 10 11 12 13 14 15 16 -17 18 19 20 0
uf20-0110 12057 1 -2 3 -4 5 6 7 8 9 -10 11 12 13 14 15 16 17 18 19 -20 0
uf20-0111 14405 1 2 3 4 5 -6 7 8 9 10 -11 12 13 14 15 16 17 -18 19 20 0
uf20-0112 13535 -1 2 3 4 5 6 7 8 -9 10 11 12 13 14 15 16 17 18 -19 20 0
uf20-0113 13671 -1 -2 3 4 5 6 7 8 9 10 11 -12 13 14 15 16 17 18 19 20 0
uf20-0114 15956 1 2 3 4 5 6 7 -8 9 -10 11 12 13 14 15 16 17 18 19 20 0
uf20-0115 10171 1 -2 -3 4 5 -6 -7 -8 9 10 11 12 13 14 15 16 17 18 -19 20 0
uf20-0116 11342 1 2 3 4 -5 6 7 8 9 -10 11 12 13 14 -15 16 17 -18 -19 -20 0
uf20-0117 14016 1 -2 -3 4 5 6 7 8 -9 10 11 12 13 14 15 16 17 18 19 20 0
uf20-0118 14176 1 -2 -3 4 5 -6 7 8 9 10 11 12 13 14 15 16 17 18 19 20 0
uf20-0119 14604 1 2 3 4 5 6 7 8 -9 10 11 -12 13 14 15 16 17 18 19 -20 0
uf20-011 14178 1 2 3 4 5 6 7 -8 -9 -10 -11 12 13 14 15 16 17 18 19 20 0
uf20-0120 12352 1 -2 -3 4 5 6 7 8 9 10 11 12 -13 -14 15 16 17 18 19 -20 0
uf20-0121 14314 1 -2 3 4 -5 6 7 8 9 10 11 12 13 -14 15 16 17 18 19 20 0
uf20-0122 13131 1 2 3 4 5 6 7 -8 9 10 11 12 -13 14 -15 16 17 18 19 -20 0
uf20-0123 14253 1 2 3 4 5 -6 7 8 9 10 -11 12 13 14 15 16 17 18 -19 20 0
uf20-0124 14339 1 2 3 4 5 6 7 8 9 -10 11 12 13 14 15 -16 17 -18 19 20 0
uf20-0125 15155 1 2 3 4 5 6 7 8 -9 10 11 12 13 14 -15 16 17 18 19 20 0
uf20-0126 14788 1 2 3 4 5 6 7 8 9 10 11 12 -13 14 15 -16 17 18 -19 20 0
uf20-0127 11909 1 2 3 -4 5 6 -7 8 9 10 11 12 13 14 15 -16 17 18 -19 20 0
uf20-0128 13542 1 -2 3 4 5 6 7 8 -9 10 11 12 13 14 15 16 -17 18 19 -20 0
uf20-0129 8053 1 -2 3 4 5 6 7 8 9 10 -11 12 -13 14 -15 -16 17 -18 19 20 0
uf20-012 8987 1 -2 3 -4 -5 6 7 8 9 -10 -11 12 13 14 15 -16 17 18 19 -20 0
uf20-0130 10251 1 -2 3 4 5 -6 7 8 9 10 11 12 13 -14 -15 16 -17 18 19 -20 0
uf20-0131 16803 1 2 3 4 5 -6 7 8 9 10 11 12 13 14 15 16 17 18 19 20 0
uf20-0132 14079 1 2 3 4 5 6 7 8 9 10 11 12 -13 14 -15 -16 17 18 19 20 0
uf20-0133 16724 1 -2 3 4 5 6 7 -8 9 10 11 12 13 14 15 16 17 18 19 20 0
uf20-0134 11386 1 2 -3 4 5 6 7 8 -9 10 11 12 13 14 -15 16 17 18 -19 -20 0
uf20-0135 11671 1 2 3 4 -5 6 7 -8 9 10 -11 12 13 14 -15 16 -17 18 19 20 0
uf20-0136 13955 1 2 3 -4 5 6 7 -8 -9 10 11 12 13 14 15 16 17 18 19 20 0
uf20-0137 8964 -1 2 3 4 -5 -6 7 8 9 10 -11 -12 13 14 -15 16 17 18 19 -20 0
uf20-0138 13456 -1 -2 3 4 5 6 7 8 9 10 11 12 13 -14 15 16 17 18 -19 20 0
uf20-0139 10213 -1 -2 3 -4 5 6 7 -8 9 10 11 12 13 -14 15 16 17 18 19 20 0
uf20-013 11222 1 2 3 4 5 6 7 8 9 -10 -11 12 -13 14 15 -16 17 -18 -19 20 0
uf20-0140 15553 1 2 3 -4 5 6 7 8 9 10 11 12 13 -14 15 16 17 18 19 20 0
uf20-0141 12231 1 2 3 -4 5 6 7 -8 9 10 11 12 13 14 15 16 17 -18 -19 20 0
uf20-0142 11854 1 2 3 -4 -5 -6 7 8 -9 -10 11 12 13 14 15 16 17 18 19 20 0
uf20-0143 13666 1 2 3 4 5 6 7 8 -9 10 11 12 -13 14 15 16 17 -18 19 20 0
uf20-0144 8310 -1 -2 3 -4 -5 6 7 -8 9 10 11 12 13 14 -15 16 17 -18 -19 20 0
uf20-0145 13549 1 2 3 -4 5 6 7 8 9 10 -11 12 13 14 15 -16 17 18 -19 20 0
uf20-0146 13414 1 2 3 -4 5 6 7 8 -9 10 11 12 13 -14 15 16 17 18 19 -20 0
uf20-0147 11245 1 2 3 -4 5 -6 7 8 -9 10 11 12 13 14 -15 16 17 -18 19 -20 0
uf20-0148 14249 1 2 -3 4 5 6 7 -8 -9 10 11 12 13 -14 15 16 17 18 19 20 0
uf20-0149 11858 1 2 -3 4 5 6 -7 8 9 -10 -11 12 13 14 15 16 17 18 19 20 0
uf20-014 12369 1 -2 3 4 5 6 -7 8 -9 10 11 12 13 14 15 16 17 18 19 -20 0
uf20-0150 11211 1 2 3 4 -5 -6 -7 8 -9 10 11 12 -13 14 15 16 17 18 19 20 0
uf20-0151 14399 1 2 3 4 5 6 7 8 9 10 11 12 13 14 15 16 -17 18 -19 20 0
uf20-0152 5220 1 2 3 4 5 6 7 -8 -9 10 -11 12 13 14 -15 16 17 -18 -19 -20 0
uf20-0153 5359 1 2 3 -4 5 6 7 8 9 10 -11 -12 13 14 15 -16 17 18 -19 -20 0
uf20-0154 7856 1 -2 3 4 5 6 7 8 9 10 -11 12 13 14 15 -16 17 18 19 20 0
uf20-0155 7803 1 2 3 4 5 6 -7 8 9 10 11 12 -13 14 15 16 -17 18 19 20 0
uf20-0156 5465 1 2 -3 4 5 -6 7 8 9 10 11 12 13 -14 -15 -16 17 -18 19 20 0
uf20-0157 5335 -1 2 3 4 -5 6 7 8 9 10 11 12 -13 14 -15 16 17 -18 -19 20 0
uf20-0158 6286 1 2 3 4 5 6 -7 8 9 10 11 12 13 14 -15 16 17 -18 19 -20 0
uf20-0159 7160 1 2 -3 4 5 6 -7 8 9 10 11 -12 13 14 15 16 17 18 19 20 0
uf20-015 5445 -1 2 3 4 5 6 7 8 9 10 11 -12 13 14 15 -16 -17 18 19 -20 0
uf20-0160 8457 1 2 3 4 -5 6 7 8 9 10 11 12 13 14 15 16 17 18 19 20 0
uf20-0161 6708 1 -2 -3 4 5 6 7 8 9 10 11 12 13 14 15 16 -17 18 -19 20 0
uf20-0162 6944 1 2 -3 4 5 6 7 -8 9 10 11 12 -13 14 15 16 17 18 19 -20 0
uf20-0163 7676 1 2 3 4 -5 6 7 8 9 -10 11 12 13 14 15 16 17 18 19 20 0
uf20-0164 5630 1 -2 3 4 5 6 7 8 9 10 11 12 13 -14 15 -16 17 -18 -19 20 0
uf20-0165 8111 1 2 3 4 5 6 7 8 9 10 -11 -12 13 14 15 16 17 18 19 -20 0
uf20-0166 6441 1 2 3 4 -5 6 7 8 9 10 -11 12 -13 14 -15 16 17 18 19 20 0
uf20-0167 7134 1 2 3 4 -5 6 7 8 9 10 11 12 13 14 15 16 -17 -18 19 20 0
uf20-0168 6247 1 2 3 -4 5 6 -7 8 9 -10 11 12 -13 14 15 16 17 18 -19 -20 0
uf20-0169 5124 -1 2 3 4 5 6 7 8 9 10 11 -12 13 14 -15 16 17 -18 -19 -20 0
uf20-016 6864 1 2 -3 4 5 6 -7 8 9 10 11 12 13 14 15 -16 -17 18 19 20 0
uf20-0170 7372 1 2 3 4 5 6 7 8 9 -10 11 12 13 14 -15 16 17 18 19 -20 0
uf20-0171 7927 1 2 3 4 5 6 7 8 9 10 11 12 13 14 15 16 -17 18 -19 20 0
uf20-0172 6681 -1 2 3 -4 -5 6 7 8 -9 10 11 12 13 14 15 16 17 18 19 20 0
uf20-0173 6695 1 2 3 4 -5 6 7 8 9 10 -11 -12 13 14 15 -16 -17 18 19 20 0
uf20-0174 6852 -1 -2 3 4 5 6 7 8 -9 10 -11 12 13 14 -15 16 17 18 19 20 0
uf20-0175 6080 1 2 3 -4 -5 6 -7 8 9 10 11 12 13 14 -15 16 -17 18 19 20 0
uf20-0176 4490 1 -2 -3 4 5 6 -7 8 9 -10 -11 12 13 14 15 16 -17 18 -19 20 0
uf20-0177 6913 -1 2 3 4 5 6 7 8 9 10 11 12 -13 14 15 16 17 -18 -19 20 0
uf20-0178 6173 1 -2 3 4 5 -6 7 8 9 10 11 -12 -13 14 15 16 17 -18 19 20 0
uf20-0179 8295 1 2 3 4 5 6 7 8 9 10 -11 12 13 -14 15 16 17 18 19 20 0
uf20-017 8074 1 2 3 4 5 6 7 8 9 10 11 12 -13 14 15 16 -17 18 19 20 0
uf20-0180 6966 1 2 3 4 -5 6 7 8 -9 10 11 12 13 -14 15 16 -17 18 19 -20 0
uf20-0181 6810 -1 2 3 4 5 6 7 -8 9 10 -11 12 13 14 15 16 -17 18 19 20 0
uf20-0182 5969 -1 2 3 4 5 6 -7 8 -9 10 11 -12 13 14 15 16 -17 18 19 20 0
uf20-0183 4841 1 2 3 -4 5 6 7 8 -9 10 -11 12 -13 14 15 -16 -17 18 -19 -20 0
uf20-0184 6448 -1 2 3 4 5 6 7 -8 -9 10 11 12 -13 14 15 16 17 18 19 -20 0
uf20-0185 6281 1 2 -3 4 5 6 7 -8 9 -10 11 -12 -13 14 15 16 17 18 19 20 0
uf20-0186 7735 -1 2 3 4 5 6 7 8 9 -10 11 12 13 14 15 16 17 18 19 20 0
uf20-0187 5479 1 2 3 -4 -5 6 7 8 9 -10 11 12 -13 14 15 16 17 -18 19 20 0
uf20-0188 5931 1 2 3 4 5 -6 7 8 9 -10 11 12 13 14 15 -16 17 18 -19 -20 0
uf20-0189 6510 1 2 3 4 5 -6 7 -8 9 10 11 -12 13 -14 15 16 17 18 19 -20 0
uf20-018 7132 1 2 3 -4 5 -6 -7 -8 9 10 11 12 13 14 15 16 17 18 19 20 0
uf20-0190 7819 1 2 3 4 5 6 7 8 -9 10 11 12 13 14 15 16 17 18 19 -20 0
uf20-0191 7145 1 2 3 4 -5 6 -7 8 9 10 11 -12 13 14 15 16 17 18 19 20 0
uf20-0192 5465 -1 2 -3 4 5 -6 7 8 9 10 -11 12 13 14 -15 16 17 18 -19 20 0
uf20-0193 5205 1 2 3 4 -5 -6 7 -8 9 -10 11 12 -13 14 15 16 17 18 -19 20 0
uf20-0194 7043 1 2 -3 -4 5 6 7 8 9 10 -11 12 13 14 15 16 17 18 -19 20 0
uf20-0195 7098 1 2 3 4 5 -6 7 8 9 10 -11 -12 13 14 15 16 17 18 19 20 0
uf20-0196 6707 1 2 3 4 5 -6 7 8 -9 10 11 12 13 14 15 16 17 -18 19 20 0
uf20-0197 5036 1 2 3 -4 -5 -6 7 8 -9 10 -11 12 13 14 15 -16 -17 18 19 20 0
uf20-0198 7041 1 2 3 4 5 -6 7 8 -9 10 11 12 13 -14 15 16 17 18 19 -20 0
uf20-0199 8312 1 2 3 -4 5 6 7 8 -9 10 11 12 13 14 15 16 17 18 19 20 0
uf20-019 6958 -1 -2 3 4 5 6 7 8 9 10 11 12 13 14 -15 16 17 18 19 -20 0
uf20-01 6829 1 -2 3 4 -5 6 7 8 9 10 11 12 13 14 -15 16 17 18 19 20 0
uf20-0200 4661 1 -2 3 -4 5 6 -7 8 -9 -10 -11 12 13 14 15 -16 17 18 19 20 0
uf20-0201 5535 1 2 3 4 5 -6 7 -8 -9 10 11 -12 13 14 -15 16 17 18 -19 20 0
uf20-0202 6519 1 2 3 4 5 6 -7 -8 9 10 11 12 13 14 -15 16 17 18 19 20 0
uf20-0203 6568 1 -2 -3 4 5 6 7 8 9 10 11 12 13 14 15 -16 -17 18 19 20 0
uf20-0204 5941 -1 2 3 4 5 6 7 -8 9 10 11 -12 13 14 15 16 -17 18 19 -20 0
uf20-0205 5145 -1 2 3 4 -5 6 7 -8 9 -10 11 12 13 14 15 16 17 18 -19 -20 0
uf20-0206 8230 1 2 3 4 5 6 7 8 -9 10 11 12 13 14 15 -16 17 18 19 20 0
uf20-0207 6141 1 2 3 4 5 -6 7 8 9 -10 11 12 13 14 15 -16 -17 -18 19 20 0
uf20-0208 7581 1 2 -3 4 5 6 -7 8 9 10 11 12 13 14 -15 16 17 18 19 20 0
uf20-0209 8301 1 2 3 4 -5 6 7 8 9 10 11 12 -13 14 15 16 17 18 19 20 0
uf20-020 7080 1 2 3 4 5 6 7 8 -9 -10 11 -12 13 14 15 16 17 18 -19 20 0
uf20-0210 4430 1 2 -3 4 -5 6 7 8 9 10 -11 12 13 14 15 -16 -17 -18 19 -20 0
uf20-0211 6654 1 2 3 4 5 6 7 8 -9 -10 11 12 13 -14 -15 16 17 18 19 20 0
uf20-0212 6751 1 2 3 4 -5 6 7 8 -9 10 11 12 13 14 15 16 17 18 -19 -20 0
uf20-0213 5947 1 2 3 -4 5 6 -7 8 9 -10 11 12 13 -14 15 16 17 18 19 -20 0
uf20-0214 6861 1 2 3 4 5 6 7 8 9 10 11 -12 -13 14 15 -16 17 -18 -19 20 0
uf20-0215 7056 1 -2 3 4 5 6 7 -8 -9 10 11 12 13 14 15 16 17 18 19 20 0
uf20-0216 4694 1 -2 -3 4 -5 -6 -7 8 9 10 -11 12 13 14 15 -16 17 18 19 20 0
uf20-0217 6968 1 -2 3 4 5 6 7 8 9 -10 11 -12 13 14 15 16 -17 18 19 20 0
uf20-0218 5831 1 -2 3 4 5 6 7 8 9 10 -11 12 13 14 -15 -16 17 18 19 -20 0
uf20-0219 5775 1 2 3 4 5 6 -7 -8 9 10 11 -12 -13 14 15 16 17 18 -19 20 0
uf20-021 6638 1 2 3 -4 -5 6 7 8 9 -10 11 12 13 14 15 16 17 18 19 -20 0
uf20-0220 5307 1 2 3 4 5 6 7 -8 -9 -10 11 -12 13 14 15 -16 17 -18 19 20 0
uf20-0221 7240 -1 2 3 4 5 -6 7 8 9 -10 11 12 13 14 15 16 17 18 19 20 0
uf20-0222 8587 1 2 3 4 5 6 7 8 9 10 11 12 13 14 15 16 -17 -18 19 20 0
uf20-0223 7776 -1 2 3 4 5 6 7 8 9 10 -11 -12 13 14 15 16 17 18 19 20 0
uf20-0224 6324 -1 2 -3 4 5 6 7 8 9 -10 11 12 13 -14 -15 16 17 18 19 20 0
uf20-0225 5783 1 -2 3 4 -5 6 -7 8 9 10 11 -12 -13 14 15 16 17 18 19 20 0
uf20-0226 5883 1 2 3 4 5 6 -7 8 9 10 -11 12 13 14 -15 16 17 -18 19 -20 0
uf20-0227 7634 1 2 3 4 5 6 7 8 9 -10 -11 12 13 14 15 16 17 18 19 20 0
uf20-0228 6020 1 2 3 4 5 6 -7 8 9 -10 11 12 13 -14 15 -16 17 18 19 -20 0
uf20-0229 8000 1 2 3 4 5 6 7 8 9 -10 11 12 -13 14 15 -16 17 18 19 20 0
uf20-022 5787 -1 2 -3 4 -5 -6 7 8 9 10 11 12 13 14 -15 16 17 18 19 20 0
uf20-0230 5812 1 2 -3 4 5 6 7 8 9 10 -11 -12 13 14 15 16 17 18 -19 20 0
uf20-0231 5182 -1 -2 3 4 5 6 7 8 9 10 11 12 13 14 -15 16 17 -18 -19 20 0
uf20-0232 6751 1 2 -3 -4 5 6 7 8 9 10 -11 12 13 14 -15 16 17 18 19 20 0
uf20-0233 6577 1 2 3 4 5 -6 7 8 9 -10 11 -12 13 -14 15 16 17 18 19 -20 0
uf20-0234 5963 1 -2 3 4 5 6 -7 -8 9 10 11 12 -13 14 15 16 17 18 -19 20 0
uf20-0235 8095 1 2 3 4 5 6 7 8 9 10 11 12 13 14 15 -16 -17 18 19 20 0
uf20-0236 8027 1 2 3 4 -5 6 7 8 9 -10 11 12 13 14 -15 16 17 18 19 20 0
uf20-0237 5257 1 -2 3 4 5 6 -7 8 -9 -10 11 12 13 14 15 -16 -17 18 -19 20 0
uf20-0238 7129 1 2 3 4 -5 6 -7 8 9 10 11 12 13 -14 15 16 17 18 19 20 0
uf20-0239 7038 1 2 3 4 5 6 7 8 -9 10 11 12 -13 14 15 16 17 18 -19 20 0
uf20-023 6411 1 2 3 4 -5 6 7 8 9 10 -11 12 13 14 -15 16 -17 18 19 20 0
uf20-0240 6182 1 2 3 4 5 6 -7 8 -9 10 11 -12 -13 14 -15 16 17 18 19 20 0
uf20-0241 6257 -1 -2 3 4 5 6 -7 8 9 10 11 12 -13 14 15 16 17 18 19 20 0
uf20-0242 6402 -1 2 3 4 -5 -6 7 8 9 10 -11 12 13 14 15 16 17 18 19 -20 0
uf20-0243 5288 1 2 -3 -4 5 6 -7 8 9 10 -11 -12 13 14 15 16 17 18 19 20 0
uf20-0244 6164 -1 2 3 4 5 6 7 8 9 10 11 12 -13 14 -15 16 17 18 -19 -20 0
uf20-0245 4898 1 2 -3 4 5 6 7 8 9 -10 11 -12 13 14 -15 16 -17 -18 19 -20 0
uf20-0246 6057 -1 2 3 4 -5 6 7 8 9 10 -11 12 13 -14 -15 16 17 18 19 20 0
uf20-0247 7792 1 2 -3 4 -5 6 7 8 9 10 11 12 13 14 15 16 17 -18 19 20 0
uf20-0248 6675 1 2 -3 -4 -5 6 7 8 9 -10 11 12 13 14 15 16 17 18 19 20 0
uf20-0249 6680 -1 -2 3 4 5 -6 7 8 -9 -10 11 12 13 14 15 16 17 18 19 20 0
uf20-024 4668 1 -2 3 -4 5 -6 -7 -8 9 10 11 -12 -13 14 15 -16 17 18 19 20 0
uf20-0250 8105 1 2 3 4 -5 6 7 8 9 10 11 12 13 14 15 16 17 18 -19 20 0
uf20-0251 7330 1 -2 -3 4 5 6 7 8 9 10 11 12 13 14 15 16 17 18 19 -20 0
uf20-0252 5962 -1 -2 3 -4 -5 6 7 8 9 10 11 12 13 -14 15 16 17 18 -19 20 0
uf20-0253 7535 1 2 -3 4 5 6 -7 8 9 10 11 12 13 14 15 -16 17 18 19 20 0
uf20-0254 6848 1 -2 3 4 5 6 7 8 9 -10 11 12 13 14 15 -16 -17 18 19 20 0
uf20-0255 6362 1 2 3 4 5 6 -7 8 -9 -10 -11 12 13 -14 15 16 17 18 19 20 0
uf20-0256 7556 1 -2 3 4 5 6 -7 8 9 10 11 12 13 14 15 16 17 18 -19 20 0
uf20-0257 6768 1 -2 -3 4 5 6 7 8 9 10 11 12 13 14 15 -16 17 18 -19 20 0
uf20-0258 7089 1 -2 3 4 5 -6 7 8 9 10 11 12 13 14 -15 16 17 18 19 20 0
uf20-0259 6628 -1 2 3 -4 5 6 7 8 9 10 11 12 13 14 15 16 -17 18 -19 -20 0
uf20-025 7264 1 -2 3 4 5 6 7 8 9 10 11 12 -13 14 15 16 17 18 -19 20 0
uf20-0260 5911 1 -2 3 4 5 6 7 8 9 10 11 12 13 14 15 -16 -17 -18 -19 -20 0
uf20-0261 6705 -1 2 -3 4 5 6 7 8 9 10 -11 12 13 14 15 16 17 18 -19 20 0
uf20-0262 6441 1 2 3 4 -5 6 -7 -8 9 10 11 12 13 14 15 16 17 -18 -19 20 0
uf20-0263 7760 1 2 3 4 5 6 -7 8 9 10 11 12 -13 14 15 16 17 18 19 20 0
uf20-0264 5265 -1 -2 -3 4 5 6 7 8 9 10 -11 -12 13 14 -15 16 -17 18 19 20 0
uf20-0265 8629 1 2 3 4 5 6 7 8 9 -10 11 12 13 14 15 16 17 18 19 20 0
uf20-0266 7684 1 2 3 4 5 6 7 8 9 10 11 12 13 -14 15 -16 17 -18 19 20 0
uf20-0267 6539 1 -2 3 4 5 6 7 -8 9 -10 11 12 13 14 -15 16 17 18 19 20 0
uf20-0268 7856 1 2 3 4 5 6 7 8 9 -10 11 12 -13 14 15 16 17 -18 19 20 0
uf20-0269 6075 1 -2 3 4 5 6 7 8 9 10 -11 12 -13 14 -15 16 17 18 -19 20 0
uf20-026 6455 1 2 3 4 5 6 7 -8 9 10 -11 -12 13 14 -15 16 17 18 19 -20 0
uf20-0270 8242 1 -2 3 4 5 6 7 8 9 -10 11 12 13 14 15 16 17 18 19 20 0
uf20-0271 6578 -1 -2 3 4 -5 6 7 8 9 10 11 12 13 14 15 16 17 18 19 20 0
uf20-0272 5862 1 2 -3 -4 5 -6 7 8 9 10 -11 12 13 14 15 16 17 18 -19 20 0
uf20-0273 6086 1 2 3 -4 5 6 7 8 9 -10 11 12 13 -14 15 -16 17 -18 19 20 0
uf20-0274 7462 1 2 3 4 5 6 7 8 -9 -10 11 12 13 14 15 16 -17 18 19 20 0
uf20-0275 5273 1 -2 3 4 5 6 7 8 -9 10 11 12 13 14 15 16 -17 18 -19 -20 0
uf20-0276 7056 -1 -2 3 -4 5 6 7 8 9 10 11 12 13 -14 15 16 17 18 19 20 0
uf20-0277 5986 1 2 3 4 -5 6 7 -8 -9 10 11 12 -13 -14 15 -16 17 18 19 20 0
uf20-0278 5300 -1 -2 3 4 -5 6 7 8 9 -10 11 12 13 -14 15 16 17 18 19 -20 0
uf20-0279 7433 1 2 3 4 -5 6 7 8 9 10 11 -12 13 14 15 -16 17 18 19 20 0
uf20-027 6757 -1 2 3 -4 5 6 7 -8 9 10 11 12 13 -14 15 16 17 18 19 20 0
uf20-0280 7361 -1 2 3 -4 5 6 7 8 -9 10 11 12 13 14 15 16 17 18 19 20 0
uf20-0281 6571 1 2 3 4 -5 6 7 8 9 10 11 -12 13 14 15 16 17 18 19 -20 0
uf20-0282 6078 -1 2 3 4 5 6 -7 8 9 -10 -11 12 13 14 15 -16 17 18 19 20 0
uf20-0283 8001 1 2 3 4 5 6 7 -8 9 10 11 12 13 14 15 16 17 18 19 20 0
uf20-0284 5799 1 2 -3 4 5 6 7 8 -9 -10 11 12 13 14 15 -16 17 18 19 -20 0
uf20-0285 5999 1 -2 3 4 5 -6 7 8 9 10 11 12 -13 14 15 16 -17 -18 19 20 0
uf20-0286 6094 -1 -2 3 4 5 6 7 -8 9 10 11 -12 -13 14 15 -16 17 18 19 20 0
uf20-0287 6941 -1 2 3 -4 5 6 7 8 9 10 11 12 -13 14 -15 16 17 18 19 20 0
uf20-0288 6744 1 -2 3 -4 -5 6 7 8 9 -10 11 12 13 -14 15 16 17 18 19 20 0
uf20-0289 4181 1 2 -3 4 5 -6 7 8 -9 10 -11 12 13 -14 15 16 17 18 19 -20 0
uf20-028 3576 1 2 -3 4 5 6 -7 8 9 10 -11 12 13 -14 -15 -16 17 -18 19 20 0
uf20-0290 4237 1 2 -3 4 -5 6 7 8 9 10 11 12 -13 -14 15 16 -17 18 19 20 0
uf20-0291 6406 1 2 3 4 5 6 7 8 9 10 11 12 -13 14 15 16 17 18 19 20 0
uf20-0292 5155 -1 2 3 -4 5 6 7 8 9 -10 11 12 13 14 15 16 17 18 19 20 0
uf20-0293 5397 1 2 -3 4 -5 6 -7 8 9 10 11 12 13 14 15 16 17 18 19 20 0
uf20-0294 5023 1 2 3 4 5 6 7 8 9 10 -11 12 -13 14 15 16 17 -18 -19 20 0
uf20-0295 4262 1 2 3 -4 5 6 7 8 -9 10 11 12 13 14 15 -16 17 -18 19 -20 0
uf20-0296 4387 -1 2 3 4 -5 6 7 8 -9 10 11 12 13 -14 15 16 -17 18 19 20 0
uf20-0297 3251 1 2 3 4 5 -6 7 8 9 -10 -11 12 -13 14 -15 -16 17 18 -19 -20 0
uf20-0298 5014 1 2 -3 4 5 6 7 8 9 10 -11 -12 -13 14 15 16 17 18 19 20 0
uf20-0299 3700 1 -2 3 4 -5 6 7 8 9 10 11 -12 13 14 15 16 -17 18 -19 20 0
uf20-029 4129 1 2 3 4 5 -6 -7 -8 9 10 11 12 13 -14 15 16 -17 -18 19 20 0
uf20-02 3972 1 2 3 -4 5 6 -7 8 9 -10 11 12 -13 14 15 16 -17 18 19 -20 0
uf20-0300 5311 1 2 3 4 5 6 7 8 9 10 -11 12 13 14 15 16 17 -18 19 20 0
uf20-0301 5283 1 2 -3 4 5 6 7 -8 9 10 11 12 -13 14 15 16 17 18 19 20 0
uf20-0302 5525 1 2 3 4 5 6 7 8 9 10 11 12 13 -14 -15 16 17 18 19 20 0
uf20-0303 3815 1 -2 -3 4 5 -6 -7 -8 9 10 11 12 13 14 15 -16 17 18 19 20 0
uf20-0304 3805 1 -2 -3 4 -5 6 7 8 9 10 -11 12 13 14 15 16 17 18 -19 -20 0
uf20-0305 5054 1 2 3 4 -5 6 7 8 9 10 11 -12 13 14 15 -16 17 18 19 20 0
uf20-0306 3646 -1 2 3 4 -5 -6 7 8 9 10 11 -12 -13 -14 15 16 17 18 19 -20 0
uf20-0307 5520 1 2 3 4 5 -6 7 -8 9 10 11 12 13 14 15 16 17 18 19 20 0
uf20-0308 4776 1 2 3 4 5 6 7 -8 9 10 11 12 13 -14 15 16 -17 -18 -19 20 0
uf20-0309 4145 1 2 3 4 5 6 7 8 9 -10 11 12 13 -14 15 16 17 -18 -19 -20 0
uf20-030 5042 1 2 3 4 -5 6 7 8 9 -10 -11 -12 13 14 15 16 17 18 19 20 0
uf20-0310 4286 1 2 3 4 5 6 7 -8 9 -10 11 12 13 14 15 16 17 -18 -19 -20 0
uf20-0311 5111 1 2 3 4 5 6 7 -8 9 -10 11 12 13 -14 15 16 17 -18 19 20 0
uf20-0312 4207 1 2 3 -4 5 6 7 8 9 10 11 -12 13 -14 -15 -16 -17 18 19 20 0
uf20-0313 3943 1 2 3 -4 -5 6 7 8 -9 10 11 -12 13 -14 15 16 17 18 19 -20 0
uf20-0314 5262 1 2 3 4 5 6 -7 8 9 10 11 -12 13 14 15 16 17 18 -19 20 0
uf20-0315 5293 1 2 3 4 5 6 7 8 -9 -10 11 12 13 14 15 16 17 18 -19 20 0
uf20-0316 3248 1 2 3 -4 -5 -6 -7 8 9 10 11 12 13 14 -15 16 17 -18 -19 20 0
uf20-0317 3828 1 2 3 -4 5 -6 7 -8 9 10 11 -12 13 14 15 -16 17 18 19 -20 0
uf20-0318 5764 1 2 3 4 5 6 -7 8 9 10 11 12 13 14 15 16 17 -18 19 20 0
uf20-0319 5760 1 2 3 4 5 6 7 8 9 10 -11 12 -13 14 15 16 17 18 19 20 0
uf20-031 4014 -1 -2 3 4 5 6 7 8 9 10 11 12 -13 -14 15 16 17 18 -19 -20 0
uf20-0320 5066 1 2 -3 4 5 6 7 -8 9 10 11 -12 -13 14 15 16 17 18 19 20 0
uf20-0321 4123 -1 2 3 4 5 6 -7 8 9 -10 11 12 13 -14 15 16 -17 18 19 -20 0
uf20-0322 4677 1 -2 3 -4 5 6 7 8 9 10 11 12 13 14 -15 16 17 18 19 -20 0
uf20-0323 3089 1 -2 -3 4 5 6 7 -8 9 -10 11 -12 13 14 -15 -16 17 18 19 20 0
uf20-0324 4374 1 2 3 4 5 -6 7 8 9 10 11 -12 13 -14 15 16 -17 18 19 -20 0
uf20-0325 5631 1 2 -3 4 5 6 7 8 9 -10 11 12 13 14 15 16 17 18 19 20 0
uf20-0326 4554 1 2 3 4 5 6 7 8 9 -10 -11 12 -13 14 -15 -16 17 18 19 20 0
uf20-0327 4580 1 2 3 4 5 6 7 8 9 10 -11 -12 13 14 15 16 -17 18 19 20 0
uf20-0328 4221 -1 2 3 -4 5 6 -7 -8 9 -10 11 12 13 14 15 16 17 -18 19 20 0
uf20-0329 3652 -1 2 3 4 5 6 -7 8 9 -10 -11 12 13 14 15 16 -17 18 19 -20 0
uf20-032 5260 1 2 3 4 5 6 7 -8 9 -10 11 12 13 -14 15 16 17 18 19 20 0
uf20-0330 3225 1 2 -3 4 5 -6 7 -8 9 10 11 12 13 14 -15 16 -17 18 -19 20 0
uf20-0331 4787 1 2 3 4 5 6 7 8 9 10 11 -12 13 14 15 -16 17 18 -19 -20 0
uf20-0332 4009 1 -2 3 -4 5 6 -7 8 9 10 11 12 -13 14 15 16 -17 18 -19 20 0
uf20-0333 5200 1 2 3 4 5 6 7 -8 9 10 11 12 -13 14 15 16 17 18 -19 20 0
uf20-0334 3296 -1 -2 -3 4 5 6 7 -8 9 -10 11 12 -13 14 -15 16 17 18 19 20 0
uf20-0335 4642 -1 2 3 4 5 6 7 8 9 10 -11 12 13 -14 15 16 17 -18 19 -20 0
uf20-0336 3310 1 -2 3 4 5 6 7 -8 -9 10 -11 -12 13 -14 15 16 17 -18 19 20 0
uf20-0337 4410 1 2 3 4 5 6 7 8 -9 -10 -11 12 13 14 15 16 17 18 19 20 0
uf20-0338 4309 1 2 3 4 5 6 7 -8 9 10 11 12 -13 14 15 -16 17 18 -19 -20 0
uf20-0339 5855 -1 2 3 4 5 6 7 8 9 -10 11 12 13 14 15 16 17 18 19 20 0
uf20-033 3524 1 2 -3 4 5 6 7 -8 -9 10 -11 12 13 14 15 16 17 18 -19 -20 0
uf20-0340 5414 1 2 3 4 5 6 7 8 9 10 11 12 -13 -14 15 16 17 18 19 20 0
uf20-0341 5498 1 2 3 4 -5 6 7 8 9 10 11 12 13 14 -15 16 17 18 19 20 0
uf20-0342 4908 1 2 3 4 5 6 7 8 -9 10 11 12 -13 -14 15 16 17 18 19 20 0
uf20-0343 4395 -1 -2 3 4 5 6 -7 8 9 10 -11 12 13 14 15 16 17 -18 19 20 0
uf20-0344 4579 1 2 3 4 5 6 7 -8 9 10 11 12 13 -14 -15 -16 17 18 19 -20 0
uf20-0345 4810 1 2 3 4 -5 -6 7 8 9 10 11 -12 13 14 -15 16 17 18 19 20 0
uf20-0346 4641 1 2 -3 4 5 6 -7 8 9 10 -11 12 13 14 15 16 17 18 -19 20 0
uf20-0347 5276 1 2 3 4 -5 -6 7 8 9 10 11 12 13 14 15 16 -17 18 19 20 0
uf20-0348 5704 1 2 3 4 5 6 7 8 9 10 -11 12 13 -14 15 16 17 18 19 20 0
uf20-0349 3741 1 -2 -3 4 -5 6 -7 8 9 10 11 12 13 -14 15 -16 17 18 19 20 0
uf20-034 5154 1 2 3 4 5 -6 7 8 9 10 11 12 13 -14 15 16 17 18 19 -20 0
uf20-0350 3460 1 2 -3 -4 -5 6 7 8 9 -10 11 -12 13 14 15 16 17 18 -19 20 0
uf20-0351 5369 1 2 3 4 -5 6 7 8 9 10 11 12 13 14 15 -16 17 18 19 -20 0
uf20-0352 4685 1 2 3 4 5 6 -7 8 9 -10 -11 -12 13 14 15 16 17 18 19 20 0
uf20-0353 5983 1 2 3 4 5 -6 7 8 9 10 11 12 13 14 15 16 17 18 19 20 0
uf20-0354 3912 -1 2 3 -4 -5 6 7 8 9 -10 11 12 -13 14 -15 16 17 18 19 20 0
uf20-0355 5491 1 2 3 4 5 6 7 8 9 10 11 12 13 -14 15 16 17 -18 19 20 0
uf20-0356 5825 1 2 3 4 5 6 7 8 9 10 -11 -12 13 14 15 16 17 18 19 20 0
uf20-0357 4708 1 2 3 4 5 -6 -7 -8 -9 10 11 12 13 14 15 -16 17 18 19 20 0
uf20-0358 5898 1 2 3 4 5 6 -7 8 9 10 11 12 13 14 15 16 17 18 19 20 0
uf20-0359 3699 -1 2 -3 4 5 6 7 8 9 10 -11 12 13 -14 -15 16 -17 18 19 20 0
uf20-035 5420 1 2 3 -4 5 6 -7 8 9 10 11 12 -13 14 -15 16 17 18 19 20 0
uf20-0360 4316 1 2 3 4 -5 6 7 -8 9 10 11 12 -13 14 15 16 -17 -18 19 20 0
uf20-0361 5078 1 2 3 4 5 6 7 8 9 -10 11 12 13 14 15 -16 -17 18 19 20 0
uf20-0362 3860 1 2 3 -4 5 -6 7 8 9 -10 11 12 13 -14 -15 -16 17 18 19 20 0
uf20-0363 5853 1 2 3 4 5 -6 7 8 9 10 11 12 13 14 15 16 17 -18 19 20 0
uf20-0364 4268 1 2 3 4 5 -6 7 8 9 10 -11 -12 13 -14 15 16 17 18 19 -20 0
uf20-0365 3943 -1 2 -3 -4 5 6 7 8 9 10 11 12 13 14 15 16 -17 18 -19 20 0
uf20-0366 4852 1 2 3 4 -5 6 7 8 9 10 -11 -12 13 14 15 16 17 18 19 -20 0
uf20-0367 4155 1 -2 3 4 -5 -6 7 8 9 10 11 12 13 14 15 16 17 18 -19 -20 0
uf20-0368 5079 -1 -2 3 -4 5 6 7 8 9 10 11 12 13 14 15 16 17 18 19 20 0
uf20-0369 4687 -1 2 3 4 -5 -6 7 8 9 10 -11 12 13 14 15 16 17 18 19 20 0
uf20-036 5031 1 2 3 4 5 -6 -7 8 9 10 11 12 13 14 15 16 17 18 19 -20 0
uf20-0370 3559 1 -2 3 4 -5 6 7 8 9 10 11 -12 -13 14 15 16 17 18 -19 -20 0
uf20-0371 4718 -1 2 3 4 5 -6 7 8 9 10 -11 12 13 14 15 16 -17 -18 19 20 0
uf20-0372 4199 1 -2 -3 4 -5 6 7 -8 9 10 11 12 13 14 15 16 17 -18 19 20 0
uf20-0373 3775 1 2 3 4 5 -6 7 8 9 10 -11 12 13 14 -15 -16 -17 -18 19 20 0
uf20-0374 3683 -1 -2 3 -4 5 6 7 8 -9 10 11 -12 13 -14 -15 16 17 18 19 20 0
uf20-0375 3603 1 2 3 4 5 -6 7 -8 9 -10 11 12 13 -14 15 16 -17 18 19 -20 0
uf20-0376 4721 1 2 -3 4 5 6 7 8 -9 -10 11 12 13 14 15 16 17 -18 19 -20 0
uf20-0377 6103 1 2 3 4 5 6 7 -8 9 10 11 12 13 14 15 16 17 18 19 20 0
uf20-0378 4925 1 2 3 4 5 6 7 -8 -9 10 11 12 13 14 15 -16 17 18 -19 20 0
uf20-0379 5269 1 2 3 4 5 6 7 8 9 10 -11 12 13 14 15 16 17 -18 19 -20 0
uf20-037 5009 -1 2 -3 4 5 6 7 8 9 -10 11 12 13 14 15 -16 17 18 19 20 0
uf20-0380 4184 1 2 3 4 5 6 -7 8 9 10 11 12 13 -14 15 16 -17 18 -19 -20 0
uf20-0381 5332 1 2 3 4 5 -6 7 8 9 -10 11 12 13 14 15 16 17 -18 19 20 0
uf20-0382 4224 1 2 -3 4 5 6 7 -8 9 -10 -11 12 -13 14 15 16 17 18 19 20 0
uf20-0383 3913 1 -2 3 4 5 6 7 -8 9 -10 11 -12 13 14 15 -16 17 18 -19 20 0
uf20-0384 4574 1 -2 -3 4 5 6 7 8 9 -10 11 -12 13 14 15 16 17 -18 19 20 0
uf20-0385 4487 1 -2 3 4 5 6 7 8 9 10 -11 -12 13 -14 -15 16 17 18 19 20 0
uf20-0386 5710 1 -2 3 4 5 -6 7 8 9 10 11 12 13 14 15 16 17 18 19 20 0
uf20-0387 4197 1 2 3 4 -5 6 -7 8 9 -10 11 12 13 14 15 16 17 18 -19 20 0
uf20-0388 4950 1 2 3 4 5 6 -7 8 9 10 -11 12 13 14 15 -16 -17 18 19 20 0
uf20-0389 4537 1 -2 3 4 5 6 -7 -8 9 10 11 12 13 14 15 16 17 18 -19 20 0
uf20-038 4078 1 2 3 4 5 -6 7 8 -9 10 -11 12 -13 14 15 -16 17 18 19 -20 0
uf20-0390 4737 1 2 3 4 5 6 7 8 9 10 -11 -12 13 14 -15 16 17 18 -19 20 0
uf20-0391 4831 1 2 -3 4 5 6 7 -8 9 10 11 12 13 -14 -15 16 17 18 19 20 0
uf20-0392 4876 1 2 -3 4 5 6 7 8 9 10 11 -12 13 14 15 -16 17 18 19 20 0
uf20-0393 5241 1 2 3 4 5 6 7 8 9 10 11 12 13 14 15 16 -17 18 -19 -20 0
uf20-0394 3545 1 2 -3 4 -5 6 7 8 -9 -10 11 12 13 14 15 -16 -17 18 -19 20 0
uf20-0395 5888 1 2 3 4 5 6 7 8 9 10 -11 12 13 14 15 16 17 18 19 20 0
uf20-0396 4307 1 2 3 4 5 6 7 -8 9 10 11 12 -13 14 -15 16 17 18 -19 20 0
uf20-0397 3809 1 -2 3 -4 5 6 -7 8 9 10 11 12 -13 -14 15 -16 17 18 19 20 0
uf20-0398 5578 1 2 3 4 5 6 7 8 9 10 11 12 13 -14 15 -16 17 18 19 20 0
uf20-0399 4632 1 2 -3 4 -5 6 7 8 9 -10 11 12 13 14 15 16 -17 18 19 20 0
uf20-039 4366 1 2 -3 -4 5 6 7 8 -9 10 -11 12 13 14 15 16 17 18 -19 20 0
uf20-03 4933 1 2 3 4 5 6 -7 8 9 10 11 -12 13 14 15 -16 17 18 19 20 0
uf20-0400 5173 1 2 3 4 5 6 7 -8 9 10 11 12 13 -14 15 -16 17 18 19 20 0
uf20-0401 5761 1 2 3 4 -5 -6 7 8 9 10 11 12 13 14 15 16 17 18 19 20 0
uf20-0402 3263 1 2 3 -4 5 -6 7 8 -9 -10 -11 12 13 14 -15 16 -17 -18 19 20 0
uf20-0403 5765 1 2 3 4 5 6 7 8 9 10 11 12 13 14 15 -16 17 -18 19 20 0
uf20-0404 3934 1 -2 -3 4 5 6 7 8 -9 10 11 12 13 14 15 16 17 18 19 -20 0
uf20-0405 3205 -1 2 3 4 5 6 7 -8 9 10 11 -12 -13 -14 15 16 17 -18 19 -20 0
uf20-0406 5128 1 2 3 4 5 6 7 -8 9 10 -11 12 -13 14 15 16 17 18 19 20 0
uf20-0407 4977 1 -2 3 4 5 6 7 8 9 10 11 12 13 -14 15 -16 17 18 19 20 0
uf20-0408 6134 1 2 3 4 5 6 7 8 9 -10 11 12 13 14 15 16 17 18 19 20 0
uf20-0409 3603 1 2 -3 -4 5 -6 7 8 9 -10 11 12 -13 14 -15 -16 17 18 19 20 0
uf20-040 4060 1 2 -3 4 5 6 -7 8 9 10 -11 12 -13 -14 15 16 17 -18 19 20 0
uf20-0410 5773 1 2 3 4 5 6 7 -8 9 10 11 12 13 14 15 16 17 -18 19 20 0
uf20-0411 5738 1 2 3 4 5 6 7 8 9 10 11 12 -13 14 15 16 17 -18 19 20 0
uf20-0412 4964 1 2 3 4 5 -6 7 8 9 -10 11 12 -13 14 15 -16 17 18 19 20 0
uf20-0413 5866 1 2 3 4 5 6 7 8 9 10 11 -12 13 -14 15 16 17 18 19 20 0
uf20-0414 5556 1 2 -3 4 5 6 7 -8 9 10 11 12 13 14 15 16 -17 18 19 20 0
uf20-0415 3390 -1 2 3 4 5 -6 7 8 9 10 11 12 -13 -14 15 -16 -17 -18 19 20 0
uf20-0416 5302 1 -2 3 4 5 6 7 8 9 10 -11 12 13 14 -15 16 17 18 19 20 0
uf20-0417 5140 1 2 3 4 -5 6 7 8 9 10 -11 -12 13 14 15 16 17 18 19 20 0
uf20-0418 5102 -1 2 3 4 5 6 7 8 9 10 -11 12 13 14 15 -16 17 18 19 20 0
uf20-0419 3942 1 -2 3 4 -5 6 -7 8 9 10 11 12 13 14 -15 -16 17 18 -19 20 0
uf20-041 5558 -1 2 -3 4 5 6 7 8 9 10 11 12 13 14 15 16 17 18 19 20 0
uf20-0420 4966 1 2 3 4 5 6 -7 8 9 10 11 -12 13 14 15 16 17 18 -19 20 0
uf20-0421 3653 -1 2 3 -4 5 6 -7 8 9 10 -11 12 13 14 -15 16 17 18 19 20 0
uf20-0422 10135 1 2 3 4 5 6 7 8 9 10 -11 12 13 -14 15 16 17 18 19 20 0
uf20-0423 6790 1 -2 3 -4 5 6 7 8 9 -10 11 12 13 14 15 16 17 -18 -19 -20 0
uf20-0424 7319 1 2 3 4 5 6 -7 8 -9 -10 11 -12 13 14 15 16 17 18 -19 20 0
uf20-0425 7378 1 2 3 4 -5 6 -7 8 -9 10 11 12 13 14 15 16 17 18 19 20 0
uf20-0426 7379 1 -2 3 4 5 -6 7 -8 9 -10 11 12 13 -14 15 16 17 18 19 20 0
uf20-0427 6921 1 2 3 4 5 -6 7 8 9 10 11 12 -13 14 15 16 17 -18 19 -20 0
uf20-0428 5899 1 2 3 4 -5 -6 7 8 9 -10 11 -12 13 -14 15 16 -17 18 19 20 0
uf20-0429 9554 1 2 3 4 5 -6 7 8 9 10 11 12 13 14 15 16 -17 18 19 20 0
uf20-042 7640 1 2 3 4 -5 6 7 8 -9 10 11 12 13 -14 -15 16 17 -18 19 20 0
uf20-0430 6251 1 2 -3 -4 5 6 7 8 9 10 11 12 13 14 15 16 17 18 19 20 0
uf20-0431 7864 1 2 3 4 5 -6 7 8 -9 10 11 -12 13 14 15 16 17 18 19 20 0
uf20-0432 7973 1 2 3 4 -5 6 7 8 9 -10 11 12 13 14 15 16 17 18 -19 -20 0
uf20-0433 6870 -1 2 3 4 5 6 7 8 9 10 -11 -12 13 -14 15 -16 17 18 19 -20 0
uf20-0434 7968 1 2 3 4 -5 6 7 8 -9 10 11 12 -13 14 15 16 17 18 -19 20 0
uf20-0435 7684 1 2 3 4 5 6 7 -8 9 -10 11 12 13 14 15 16 17 18 -19 -20 0
uf20-0436 8221 1 2 3 4 -5 -6 7 8 9 10 11 12 13 -14 15 16 17 18 -19 20 0
uf20-0437 6110 1 -2 3 4 5 6 7 8 9 10 11 12 -13 -14 -15 16 17 18 -19 -20 0
uf20-0438 6738 -1 -2 3 4 -5 6 7 8 9 10 11 12 13 14 15 16 17 18 -19 -20 0
uf20-0439 7734 1 2 3 -4 5 -6 7 -8 -9 10 11 12 13 14 15 16 17 18 19 20 0
uf20-043 6359 1 2 3 -4 5 6 7 8 9 10 11 12 13 -14 -15 -16 17 -18 19 -20 0
uf20-0440 5863 -1 2 3 -4 5 -6 7 8 9 10 11 12 13 -14 15 -16 -17 -18 19 20 0
uf20-0441 8118 1 2 3 4 5 6 7 8 -9 10 11 12 -13 14 15 16 17 -18 19 20 0
uf20-0442 6006 1 -2 3 -4 5 6 -7 8 9 10 11 12 13 -14 15 16 17 18 19 -20 0
uf20-0443 7038 1 2 -3 -4 5 6 7 8 -9 10 -11 12 13 14 -15 16 17 18 19 20 0
uf20-0444 6988 -1 -2 -3 4 5 6 -7 8 9 10 11 12 13 14 15 16 17 18 19 20 0
uf20-0445 7081 1 2 3 4 -5 -6 7 8 -9 10 11 12 -13 -14 15 16 17 18 19 20 0
uf20-0446 7101 1 2 -3 4 5 -6 -7 8 9 10 -11 12 13 14 15 16 17 18 19 20 0
uf20-0447 7546 1 2 3 4 -5 6 -7 8 9 10 11 12 13 14 15 16 17 -18 -19 20 0
uf20-0448 9990 1 2 3 4 5 -6 7 8 9 10 11 12 13 14 15 16 17 18 19 -20 0
uf20-0449 7991 -1 2 3 4 5 6 7 8 9 10 11 -12 13 -14 15 16 17 18 19 -20 0
uf20-044 6496 -1 2 3 4 5 6 7 -8 9 -10 11 12 13 14 -15 -16 -17 18 19 20 0
uf20-0450 5882 -1 2 3 -4 -5 -6 7 8 9 10 11 12 13 -14 15 16 17 18 -19 20 0
uf20-0451 7709 1 -2 -3 4 5 6 7 8 9 10 11 12 -13 14 15 16 17 18 19 -20 0
uf20-0452 6759 -1 2 3 4 5 6 7 8 -9 10 11 12 13 -14 -15 -16 17 18 19 -20 0
uf20-0453 6568 1 2 3 -4 5 6 7 8 9 10 -11 12 13 14 15 -16 17 -18 19 -20 0
uf20-0454 7794 1 2 3 -4 5 6 7 8 -9 10 11 12 13 14 15 16 17 18 -19 20 0
uf20-0455 7292 1 2 3 -4 5 -6 -7 8 9 10 11 -12 13 14 15 16 -17 18 19 20 0
uf20-0456 8576 -1 2 3 4 5 6 7 8 9 10 11 12 13 14 15 16 -17 -18 19 20 0
uf20-0457 7549 1 2 -3 4 -5 6 7 8 9 10 11 12 13 14 15 16 17 18 -19 20 0
uf20-0458 7529 1 -2 -3 4 5 6 7 8 9 10 11 -12 13 14 15 16 -17 18 19 20 0
uf20-0459 6439 1 2 3 4 -5 6 7 8 -9 10 -11 12 13 -14 -15 16 17 18 19 -20 0
uf20-045 7391 1 2 -3 4 -5 6 7 8 -9 10 11 12 -13 14 15 16 17 18 19 20 0
uf20-0460 8349 1 2 3 4 5 6 7 8 -9 10 11 12 13 -14 15 -16 17 18 19 20 0
uf20-0461 8624 1 2 -3 4 5 6 7 8 -9 10 -11 -12 13 14 15 16 17 18 19 20 0
uf20-0462 9990 -1 2 3 4 5 6 7 8 9 10 11 12 13 14 15 -16 17 18 19 20 0
uf20-0463 7062 1 2 3 -4 5 -6 7 -8 9 10 11 12 13 14 15 16 17 18 -19 -20 0
uf20-0464 6027 1 2 -3 -4 5 -6 7 8 9 -10 11 12 13 14 15 -16 17 -18 19 -20 0
uf20-0465 7467 1 2 3 4 5 6 7 -8 9 -10 -11 -12 13 14 15 16 17 -18 19 20 0
uf20-0466 5890 1 2 -3 4 5 6 7 8 -9 10 -11 12 -13 14 15 16 -17 18 -19 20 0
uf20-0467 6771 1 2 3 4 5 -6 7 8 9 10 11 12 13 14 -15 16 -17 -18 19 20 0
uf20-0468 6767 1 -2 -3 4 5 6 7 -8 9 -10 11 12 13 -14 15 -16 17 18 19 20 0
uf20-0469 6647 1 -2 -3 4 5 6 -7 -8 9 10 -11 12 13 14 15 -16 17 18 19 20 0
uf20-046 7346 1 2 3 -4 -5 6 7 -8 9 10 11 -12 13 14 15 16 17 18 19 20 0
uf20-0470 7966 1 2 3 4 5 6 7 8 9 -10 11 12 13 14 15 -16 17 18 -19 20 0
uf20-0471 7404 1 2 3 4 -5 6 7 -8 9 10 11 -12 13 14 15 16 -17 18 -19 20 0
uf20-0472 9220 -1 2 3 4 5 6 7 8 9 10 11 12 13 14 15 16 -17 18 19 20 0
uf20-0473 8652 1 2 3 -4 5 -6 -7 8 9 10 11 12 13 14 15 16 17 18 19 20 0
uf20-0474 8048 1 -2 -3 4 5 6 7 8 9 10 11 12 13 -14 15 16 17 18 19 -20 0
uf20-0475 7706 1 2 3 -4 5 -6 7 8 9 10 11 12 13 -14 15 16 17 -18 19 20 0
uf20-0476 8800 1 2 3 4 5 -6 7 -8 9 10 11 12 13 14 -15 16 17 18 19 20 0
uf20-0477 7827 1 2 3 4 5 6 7 8 9 -10 -11 -12 13 14 -15 16 -17 18 19 20 0
uf20-0478 7942 1 2 -3 -4 5 6 7 8 9 10 11 12 13 14 15 -16 -17 18 19 20 0
uf20-0479 7074 1 2 3 -4 -5 6 -7 8 -9 10 11 -12 13 14 15 16 17 18 19 20 0
uf20-047 8417 -1 -2 3 4 -5 6 7 8 9 10 11 12 13 -14 15 16 17 18 19 20 0
uf20-0480 8912 1 2 3 4 5 6 7 8 9 -10 11 12 13 14 15 16 17 18 -19 20 0
uf20-0481 8408 1 2 3 4 -5 6 7 8 -9 10 -11 12 13 14 15 -16 17 18 19 20 0
uf20-0482 6989 -1 2 3 4 -5 6 7 8 -9 10 -11 12 13 14 -15 16 17 18 19 20 0
uf20-0483 7712 -1 2 3 4 5 -6 7 8 -9 -10 11 12 13 14 15 16 17 18 19 20 0
uf20-0484 6637 1 2 3 4 5 6 7 8 -9 -10 11 -12 13 14 15 16 17 -18 -19 20 0
uf20-0485 7090 -1 -2 3 -4 5 6 -7 8 9 -10 11 12 13 14 15 16 17 18 19 20 0
uf20-0486 5988 1 -2 3 -4 5 6 7 -8 9 10 11 12 13 14 15 -16 17 18 19 20 0
uf20-0487 9343 1 2 3 4 5 6 -7 8 9 10 11 12 13 14 15 -16 17 18 19 20 0
uf20-0488 8934 1 2 3 4 5 6 -7 8 9 10 11 12 13 14 15 16 17 18 19 -20 0
uf20-0489 8943 1 2 3 4 5 6 7 8 -9 10 11 12 13 14 -15 -16 17 18 19 20 0
uf20-048 8917 1 2 3 4 5 6 7 8 -9 10 11 -12 13 14 15 16 17 18 19 -20 0
uf20-0490 9621 1 2 3 4 5 6 7 8 9 10 11 12 13 14 -15 16 17 18 -19 20 0
uf20-0491 9175 1 -2 3 4 5 6 7 8 9 10 11 12 -13 14 15 16 17 18 19 20 0
uf20-0492 8001 1 2 3 4 5 6 7 8 9 -10 11 -12 -13 -14 15 16 17 18 19 20 0
uf20-0493 7563 1 2 -3 4 5 6 7 8 9 -10 11 12 -13 14 15 16 17 -18 19 20 0
uf20-0494 8506 1 2 -3 -4 -5 6 7 8 9 -10 11 12 13 14 15 16 17 18 19 20 0
uf20-0495 6767 1 2 3 4 5 6 -7 -8 -9 10 11 12 13 -14 15 16 -17 18 -19 20 0
uf20-0496 8473 1 2 -3 4 5 6 -7 8 9 10 -11 12 -13 14 15 16 17 18 19 20 0
uf20-0497 5368 1 2 -3 4 -5 6 7 8 -9 -10 11 12 13 -14 15 16 17 -18 19 -20 0
uf20-0498 8045 1 2 3 -4 5 6 7 -8 9 10 11 12 13 14 15 16 17 -18 19 -20 0
uf20-0499 9915 1 2 3 4 5 6 7 8 9 10 11 12 13 14 15 16 17 18 19 20 0
uf20-049 7986 -1 -2 3 4 5 6 7 8 -9 10 11 12 13 14 15 16 -17 18 19 20 0
uf20-04 7057 -1 -2 3 4 5 -6 7 8 -9 10 11 -12 13 14 -15 16 17 18 19 20 0
uf20-0500 5805 1 2 3 4 -5 6 7 8 -9 10 11 -12 -13 14 15 16 17 -18 -19 -20 0
uf20-0501 8236 1 2 3 4 -5 6 7 8 9 -10 11 12 13 14 -15 16 17 18 -19 20 0
uf20-0502 8344 1 2 3 4 5 6 7 8 9 10 11 -12 13 14 15 16 17 18 -19 20 0
uf20-0503 6319 1 -2 3 4 5 6 -7 8 9 10 -11 -12 13 14 -15 16 17 18 19 20 0
uf20-0504 7058 1 -2 3 4 -5 6 7 8 9 -10 11 12 13 14 15 16 17 18 -19 20 0
uf20-0505 7609 -1 2 3 4 5 6 7 -8 9 10 11 12 -13 -14 15 16 17 18 19 -20 0
uf20-0506 9467 1 2 3 4 5 6 7 8 9 -10 -11 12 13 14 15 16 17 18 19 20 0
uf20-0507 6323 1 2 3 4 5 6 7 8 9 -10 -11 12 -13 14 15 -16 17 -18 -19 20 0
uf20-0508 5802 -1 2 3 -4 -5 -6 -7 8 9 10 11 -12 13 -14 15 16 17 18 19 20 0
uf20-0509 6811 1 2 3 4 5 6 7 8 9 10 -11 12 -13 14 15 16 -17 18 19 -20 0
uf20-050 6908 -1 2 3 4 5 6 7 8 9 10 -11 12 -13 14 15 -16 -17 18 -19 20 0
uf20-0510 6614 1 2 -3 4 -5 6 7 8 -9 10 -11 12 13 14 15 16 17 -18 19 20 0
uf20-0511 8242 -1 -2 3 4 5 6 7 8 9 10 11 -12 13 14 15 16 17 18 19 20 0
uf20-0512 6786 1 -2 3 4 5 6 7 -8 9 -10 11 12 -13 14 15 16 17 18 -19 -20 0
uf20-0513 6831 1 2 3 -4 5 -6 7 8 9 -10 11 12 13 -14 -15 16 17 18 19 20 0
uf20-0514 8740 1 2 3 4 -5 6 7 -8 9 10 11 -12 13 14 15 16 17 18 19 20 0
uf20-0515 7646 1 2 3 4 -5 -6 7 8 9 10 -11 12 13 14 -15 16 17 18 19 20 0
uf20-0516 8660 1 2 3 4 5 6 7 8 9 10 11 -12 -13 14 15 16 17 18 19 20 0
uf20-0517 8218 1 2 3 4 -5 6 7 8 9 10 11 12 13 14 -15 16 -17 -18 19 20 0
uf20-0518 7954 1 2 3 4 -5 -6 7 8 9 10 11 12 13 14 15 16 17 18 -19 20 0
uf20-0519 7688 1 2 -3 4 -5 -6 7 8 9 10 11 12 13 14 15 16 -17 18 19 -20 0
uf20-051 8338 1 2 -3 4 5 6 7 8 9 10 11 12 13 -14 15 -16 17 18 19 20 0
uf20-0520 8450 1 2 3 4 5 6 7 -8 9 10 11 -12 13 14 15 16 17 18 19 -20 0
uf20-0521 6453 1 2 3 4 5 6 7 -8 -9 10 11 12 13 14 15 -16 17 -18 -19 20 0
uf20-0522 7712 1 2 -3 4 5 6 7 -8 9 -10 11 12 13 14 15 16 17 18 19 20 0
uf20-0523 8261 1 2 3 4 5 6 7 -8 -9 10 -11 12 13 14 15 -16 17 18 19 20 0
uf20-0524 7474 1 -2 3 4 -5 6 7 8 9 10 11 12 13 14 15 -16 -17 18 -19 20 0
uf20-0525 7498 1 2 3 4 5 -6 7 8 -9 10 11 12 -13 14 -15 16 17 18 19 20 0
uf20-0526 7950 -1 2 -3 4 5 6 7 8 9 10 11 12 13 14 -15 16 17 18 19 -20 0
uf20-0527 9095 1 2 3 4 5 6 7 8 9 -10 11 12 13 -14 15 16 17 18 19 20 0
uf20-0528 7475 1 2 3 4 5 -6 7 8 9 10 11 12 -13 -14 15 16 -17 18 19 20 0
uf20-0529 9096 1 -2 3 4 5 6 7 8 9 10 11 12 13 14 15 -16 17 18 19 20 0
uf20-052 9395 1 2 3 4 5 6 -7 8 -9 -10 11 12 13 14 15 16 17 18 19 20 0
uf20-0530 7743 1 2 3 -4 5 6 7 -8 9 -10 11 12 13 14 15 16 17 -18 19 20 0
uf20-0531 8634 1 2 3 4 5 6 7 8 -9 10 -11 12 13 14 15 16 17 18 19 -20 0
uf20-0532 6423 1 2 3 -4 5 6 7 -8 9 10 11 -12 -13 14 15 16 -17 18 -19 20 0
uf20-0533 8594 1 2 3 4 5 6 7 8 -9 10 11 12 13 -14 15 16 17 18 19 -20 0
uf20-0534 8468 1 -2 3 4 5 -6 7 8 9 10 11 12 13 -14 15 16 17 18 19 20 0
uf20-0535 5027 -1 2 3 4 5 6 7 -8 -9 10 -11 12 13 14 -15 16 -17 18 19 -20 0
uf20-0536 7128 1 -2 3 4 -5 6 7 8 9 10 11 12 13 14 15 16 17 -18 -19 -20 0
uf20-0537 8443 -1 2 3 4 -5 6 7 8 9 10 11 12 13 14 15 16 17 18 -19 20 0
uf20-0538 7120 1 2 3 4 5 6 -7 8 9 10 11 12 13 -14 -15 16 -17 18 19 -20 0
uf20-0539 7592 1 2 3 -4 5 -6 7 8 9 10 11 12 13 -14 15 16 -17 18 -19 20 0
uf20-053 9387 1 2 3 -4 5 6 7 8 9 10 11 12 13 14 15 16 17 -18 19 20 0
uf20-0540 6870 -1 -2 3 -4 5 6 7 -8 -9 10 11 12 13 14 15 16 -17 18 19 20 0
uf20-0541 6484 -1 -2 3 4 -5 6 -7 8 9 10 -11 12 13 14 15 16 -17 18 19 20 0
uf20-0542 8368 1 2 3 -4 5 6 -7 8 9 10 11 12 -13 14 15 16 -17 18 19 20 0
uf20-0543 8571 1 2 3 4 5 6 7 -8 -9 10 11 12 13 14 15 16 17 18 19 -20 0
uf20-0544 7577 -1 2 3 4 5 6 7 8 9 10 11 12 -13 14 15 -16 17 18 19 -20 0
uf20-0545 8260 1 2 3 4 5 -6 7 -8 9 10 11 12 13 14 -15 16 17 18 19 -20 0
uf20-0546 7075 -1 2 3 4 5 6 7 8 9 10 11 12 13 -14 15 16 -17 18 19 -20 0
uf20-0547 8059 1 2 3 4 -5 -6 7 8 9 10 11 12 13 14 15 16 17 18 19 20 0
uf20-0548 6276 1 -2 -3 4 5 6 7 8 9 -10 -11 12 13 14 15 16 17 18 -19 20 0
uf20-0549 7061 -1 2 3 4 -5 6 -7 8 9 -10 11 12 13 14 15 -16 17 18 19 20 0
uf20-054 6183 -1 -2 3 -4 5 6 -7 -8 -9 10 11 12 13 14 15 16 17 18 19 20 0
uf20-0550 8065 1 -2 3 -4 5 6 7 8 -9 10 11 12 13 -14 15 16 17 18 19 20 0
uf20-0551 7001 1 -2 3 4 -5 -6 7 8 9 10 -11 12 13 14 15 16 -17 18 19 20 0
uf20-0552 8811 1 2 3 -4 5 6 7 -8 9 10 11 -12 13 14 15 16 17 18 19 20 0
uf20-0553 5892 1 2 3 4 -5 6 7 8 9 -10 -11 12 13 -14 15 -16 -17 18 19 -20 0
uf20-0554 10504 1 2 3 4 5 6 7 8 9 10 11 12 13 14 15 16 17 18 19 20 0
uf20-0555 7839 1 2 3 4 5 6 7 -8 -9 -10 11 12 -13 14 15 16 17 18 19 20 0
uf20-0556 9610 1 2 3 4 5 6 7 8 -9 10 11 12 13 14 15 16 17 18 19 20 0
uf20-0557 5950 1 2 -3 -4 5 6 -7 -8 -9 10 11 -12 13 14 15 16 17 18 -19 20 0
uf20-0558 5713 1 -2 3 -4 5 -6 7 8 9 10 -11 12 -13 14 15 16 17 18 19 -20 0
uf20-0559 6921 1 2 3 4 5 -6 7 8 -9 10 11 -12 13 -14 15 16 17 18 19 -20 0
uf20-055 7535 1 2 3 4 -5 -6 -7 8 9 10 11 -12 13 14 15 16 -17 18 19 20 0
uf20-0560 9063 1 2 3 4 5 -6 7 -8 9 10 11 12 13 14 -15 16 17 18 19 20 0
uf20-0561 9052 -1 2 3 -4 5 6 7 8 9 10 11 -12 13 14 15 16 17 18 19 20 0
uf20-0562 7324 1 2 -3 4 -5 -6 7 8 -9 10 11 12 13 14 15 16 17 18 19 -20 0
uf20-0563 7903 1 -2 3 4 5 6 -7 8 9 10 -11 12 13 14 15 16 17 18 19 -20 0
uf20-0564 7033 1 -2 3 4 5 6 7 -8 9 10 11 -12 13 14 -15 16 -17 18 19 20 0
uf20-0565 7273 1 -2 3 4 5 6 7 8 9 10 -11 12 -13 14 -15 -16 17 18 19 20 0
uf20-0566 7316 1 -2 3 4 -5 -6 7 8 9 10 -11 12 13 14 15 -16 17 18 19 20 0
uf20-0567 7092 1 -2 3 -4 -5 6 7 8 9 10 11 12 13 14 15 16 17 -18 19 -20 0
uf20-0568 8307 1 -2 3 4 -5 6 -7 8 9 10 11 12 13 14 15 16 17 -18 19 20 0
uf20-0569 5798 -1 2 3 4 5 -6 7 8 9 10 11 12 13 -14 15 -16 -17 18 19 -20 0
uf20-056 7865 -1 2 -3 4 5 -6 -7 8 9 10 11 12 13 14 15 16 17 -18 19 20 0
uf20-0570 7603 1 2 3 4 5 6 7 8 9 10 11 12 13 -14 15 -16 -17 18 -19 20 0
uf20-0571 8284 1 -2 -3 -4 5 6 7 8 9 10 11 12 13 14 -15 16 17 18 19 20 0
uf20-0572 7657 -1 2 -3 4 5 6 7 8 9 10 -11 12 13 14 -15 16 17 18 -19 20 0
uf20-0573 8289 -1 2 -3 -4 5 6 7 8 9 10 11 12 13 14 -15 16 17 18 19 20 0
uf20-0574 9487 1 2 3 4 5 6 7 8 9 10 11 12 13 14 15 16 17 -18 -19 -20 0
uf20-0575 7113 1 -2 3 4 5 6 -7 8 9 10 11 12 13 14 15 16 -17 -18 -19 20 0
uf20-0576 7856 1 2 -3 4 5 -6 7 8 9 10 11 12 13 14 15 -16 -17 18 19 20 0
uf20-0577 6034 1 -2 3 4 5 -6 -7 -8 9 10 11 12 13 -14 -15 16 17 -18 19 20 0
uf20-0578 9002 1 2 3 4 5 6 -7 8 9 10 -11 12 13 14 15 16 17 18 19 20 0
uf20-0579 8758 1 2 3 4 -5 6 7 8 9 -10 11 12 -13 14 15 16 17 18 19 20 0
uf20-057 9755 1 2 3 4 5 6 -7 8 9 10 11 12 13 14 -15 16 17 18 19 20 0
uf20-0580 7365 1 -2 -3 4 5 -6 7 8 9 10 11 12 13 14 15 -16 17 18 -19 20 0
uf20-0581 8366 1 -2 3 4 5 6 7 8 9 10 -11 -12 13 14 15 -16 17 18 19 20 0
uf20-0582 9332 1 -2 3 4 5 -6 7 8 9 10 11 12 13 14 15 16 -17 18 19 20 0
uf20-0583 8252 1 2 -3 4 5 -6 7 8 9 10 11 12 13 -14 15 -16 17 18 19 20 0
uf20-0584 5692 1 2 -3 -4 5 6 -7 8 9 -10 -11 -12 13 -14 15 16 17 18 19 20 0
uf20-0585 9477 1 2 3 4 -5 6 7 8 9 10 -11 12 13 14 15 16 17 18 19 20 0
uf20-0586 8150 1 -2 3 4 5 6 7 8 9 10 11 12 13 14 15 16 17 -18 19 -20 0
uf20-0587 5402 1 2 -3 4 5 6 -7 -8 -9 10 11 12 13 -14 15 16 -17 -18 -19 20 0
uf20-0588 7054 1 -2 3 -4 5 6 7 8 9 10 11 -12 -13 14 15 16 17 18 19 20 0
uf20-0589 10284 1 2 3 4 5 6 7 8 9 10 -11 12 13 14 15 16 17 18 19 20 0
uf20-058 7428 1 2 3 -4 5 -6 7 -8 9 10 11 12 13 14 -15 -16 17 18 19 20 0
uf20-0590 5972 -1 -2 3 4 5 6 -7 8 9 10 -11 -12 13 14 15 16 17 18 -19 20 0
uf20-0591 6907 -1 2 3 -4 5 6 7 8 -9 10 11 12 -13 14 15 16 17 18 19 -20 0
uf20-0592 7071 1 -2 3 4 5 6 -7 8 9 10 11 12 13 -14 -15 16 -17 -18 19 20 0
uf20-0593 7446 -1 2 3 4 5 6 -7 -8 9 10 11 12 13 14 15 16 -17 -18 19 20 0
uf20-0594 8182 1 2 -3 4 5 6 7 8 -9 -10 11 12 13 14 15 16 17 18 19 -20 0
uf20-0595 7904 -1 2 3 4 5 6 7 8 9 10 11 12 13 14 -15 16 -17 18 19 -20 0
uf20-0596 7007 1 -2 -3 4 -5 6 -7 8 9 10 -11 12 13 14 15 16 17 18 19 20 0
uf20-0597 7268 1 -2 3 4 5 6 7 8 9 10 -11 12 13 14 -15 -16 17 18 19 20 0
uf20-0598 8218 1 2 3 -4 5 6 7 8 -9 10 11 12 -13 14 15 16 17 -18 19 20 0
uf20-0599 6801 1 -2 3 -4 5 6 7 8 9 10 11 -12 13 14 15 16 -17 18 19 -20 0
uf20-059 8466 1 2 3 4 5 6 7 -8 9 -10 11 12 13 14 15 16 -17 18 19 -20 0
uf20-05 7095 1 2 3 4 5 6 7 8 -9 10 -11 12 13 -14 15 16 -17 18 -19 -20 0
uf20-0600 5714 -1 -2 3 4 5 6 7 8 9 10 11 12 -13 -14 15 -16 17 -18 19 -20 0
uf20-0601 7327 1 2 -3 4 5 6 7 8 -9 10 -11 12 13 -14 15 -16 17 18 19 20 0
uf20-0602 8554 -1 2 3 4 5 -6 7 8 -9 10 11 12 13 14 15 16 17 -18 19 20 0
uf20-0603 7700 1 -2 -3 4 5 6 7 8 -9 10 11 12 -13 14 -15 16 17 18 19 20 0
uf20-0604 9160 1 2 3 4 5 6 7 -8 9 10 11 -12 -13 14 15 16 17 18 19 20 0
uf20-0605 7119 1 2 3 4 5 6 -7 8 9 -10 11 12 13 -14 15 16 17 -18 19 20 0
uf20-0606 8068 -1 2 3 -4 5 6 7 8 9 -10 11 12 13 -14 15 16 17 18 19 20 0
uf20-0607 8832 1 2 3 4 5 6 7 8 -9 10 11 12 13 -14 15 16 -17 18 19 20 0
uf20-0608 6301 -1 2 3 4 5 -6 7 8 -9 10 11 12 13 14 15 16 17 -18 19 -20 0
uf20-0609 6892 -1 2 3 4 -5 -6 7 -8 9 10 11 12 13 14 -15 16 17 18 19 -20 0
uf20-060 10055 1 2 3 -4 5 6 7 8 9 -10 11 12 13 14 15 16 17 18 19 20 0
uf20-0610 8392 1 2 3 -4 5 6 7 8 -9 -10 11 12 13 14 15 16 17 -18 19 20 0
uf20-0611 7415 1 2 3 -4 5 6 7 8 -9 10 11 12 13 14 -15 16 17 18 -19 20 0
uf20-0612 5808 -1 2 3 4 -5 6 -7 8 9 -10 -11 12 -13 14 15 -16 17 18 19 20 0
uf20-0613 6805 -1 2 3 -4 5 6 7 8 -9 -10 11 12 13 14 15 16 -17 18 19 -20 0
uf20-0614 8333 -1 2 3 4 5 6 7 -8 9 10 11 12 13 14 15 16 -17 18 -19 20 0
uf20-0615 7605 1 -2 3 4 -5 6 7 8 -9 10 11 12 13 -14 15 16 17 18 -19 20 0
uf20-0616 5459 1 -2 -3 4 5 6 -7 8 9 -10 11 -12 13 -14 -15 -16 17 18 19 20 0
uf20-0617 6977 1 -2 3 4 5 6 7 8 9 10 -11 12 -13 14 15 16 17 18 -19 -20 0
uf20-0618 9296 -1 2 3 4 5 6 7 8 9 10 11 12 13 14 -15 -16 17 18 19 20 0
uf20-0619 8154 1 -2 -3 4 5 6 7 8 9 10 11 12 13 14 15 16 17 18 19 -20 0
uf20-061 8442 1 2 3 4 5 -6 -7 8 -9 10 11 12 13 14 15 16 17 18 -19 20 0
uf20-0620 6348 -1 2 3 -4 -5 6 7 8 9 10 11 12 13 14 -15 16 -17 18 19 -20 0
uf20-0621 8729 1 2 3 4 5 -6 7 8 9 10 -11 12 13 14 15 16 17 18 -19 20 0
uf20-0622 5594 -1 2 -3 4 5 6 -7 8 9 10 11 -12 13 14 15 16 17 -18 -19 -20 0
uf20-0623 8561 1 2 3 4 5 6 7 8 9 -10 -11 12 13 14 15 16 17 -18 19 20 0
uf20-0624 6775 -1 2 -3 4 5 6 7 8 -9 10 -11 12 -13 14 15 16 17 18 19 -20 0
uf20-0625 8190 -1 2 -3 4 -5 6 7 8 9 10 11 12 13 14 15 16 -17 18 19 20 0
uf20-0626 6975 -1 2 3 -4 -5 -6 -7 8 9 10 11 12 13 14 15 16 17 -18 19 20 0
uf20-0627 7589 1 -2 3 4 5 6 7 8 -9 -10 11 12 13 14 -15 16 17 18 19 20 0
uf20-0628 9677 1 2 3 4 5 6 -7 8 -9 10 11 12 13 14 15 16 17 18 19 20 0
uf20-0629 9257 1 2 3 4 5 6 7 8 9 10 11 -12 13 14 15 16 -17 -18 19 20 0
uf20-062 5563 1 -2 3 -4 5 6 7 8 9 -10 -11 12 13 14 -15 16 17 18 -19 20 0
uf20-0630 8004 1 2 3 4 5 6 7 -8 9 -10 -11 12 13 14 15 -16 17 18 19 -20 0
uf20-0631 8225 1 2 -3 4 5 -6 7 8 9 10 11 -12 13 14 15 -16 17 18 19 20 0
uf20-0632 7788 1 2 3 4 -5 6 -7 8 9 10 11 12 13 14 15 16 17 -18 19 -20 0
uf20-0633 8025 1 2 3 4 -5 6 7 8 9 10 -11 12 -13 -14 15 16 17 18 19 20 0
uf20-0634 7356 1 2 3 -4 5 -6 7 -8 9 10 11 12 13 -14 15 16 17 18 19 20 0
uf20-0635 9288 1 2 3 4 5 6 -7 8 9 10 11 12 13 14 15 16 -17 18 19 -20 0
uf20-0636 6624 1 2 3 4 -5 6 7 8 9 10 11 -12 -13 -14 -15 16 -17 18 19 20 0
uf20-0637 5756 1 2 3 -4 5 6 7 8 9 10 -11 12 13 -14 15 16 -17 -18 -19 -20 0
uf20-0638 7493 1 2 3 4 5 6 7 -8 9 10 11 12 13 14 15 16 -17 18 -19 -20 0
uf20-0639 9340 1 2 3 4 5 6 7 8 9 10 11 12 13 14 15 -16 17 -18 19 20 0
uf20-063 7640 1 2 3 4 5 6 -7 -8 9 10 11 12 -13 14 15 16 17 -18 19 20 0
uf20-0640 6896 1 2 -3 -4 5 6 7 -8 9 10 -11 12 13 -14 15 16 17 18 19 20 0
uf20-0641 7438 1 2 3 -4 5 6 7 8 9 10 -11 -12 -13 14 15 16 17 18 19 -20 0
uf20-0642 6399 -1 2 3 4 5 6 -7 8 -9 -10 -11 12 13 14 15 16 -17 18 19 20 0
uf20-0643 7963 1 2 3 4 5 -6 7 8 -9 10 11 -12 13 14 15 -16 17 18 19 20 0
uf20-0644 8574 -1 2 3 4 5 -6 7 8 9 10 11 12 -13 14 15 16 17 -18 19 20 0
uf20-0645 7516 1 2 -3 4 5 6 -7 8 9 10 -11 12 13 14 15 16 17 18 19 20 0
uf20-0646 8291 1 -2 -3 4 5 6 7 8 9 10 11 12 13 14 15 16 -17 18 19 20 0
uf20-0647 7342 1 2 3 -4 5 6 -7 8 9 10 11 12 13 14 -15 16 -17 -18 19 20 0
uf20-0648 8256 1 2 3 4 5 6 -7 8 9 10 11 12 13 14 15 16 17 -18 19 20 0
uf20-0649 6995 -1 2 3 4 5 -6 7 8 -9 10 11 12 -13 -14 15 16 17 18 19 20 0
uf20-064 6630 1 -2 3 -4 5 6 7 8 9 10 -11 -12 -13 14 15 16 17 18 -19 20 0
uf20-0650 6377 -1 -2 3 -4 5 6 -7 8 -9 10 11 -12 13 14 15 16 17 -18 19 20 0
uf20-0651 7955 1 -2 3 4 5 6 7 8 9 10 -11 -12 -13 14 15 16 17 18 19 20 0
uf20-0652 7860 1 -2 3 4 5 6 7 8 -9 10 11 12 -13 14 -15 16 17 18 19 20 0
uf20-0653 7126 1 2 3 -4 -5 6 7 8 9 -10 11 12 13 14 15 -16 -17 18 19 20 0
uf20-0654 7135 -1 2 -3 4 5 6 7 8 9 10 -11 12 13 14 -15 16 17 18 19 20 0
uf20-0655 6554 1 2 3 4 5 6 -7 8 -9 10 11 12 -13 14 -15 16 -17 18 19 20 0
uf20-0656 5998 1 2 3 -4 5 -6 7 8 9 10 -11 -12 -13 14 -15 16 -17 18 19 20 0
uf20-0657 7245 1 2 -3 4 5 6 7 -8 -9 10 11 12 13 14 -15 16 17 18 -19 20 0
uf20-0658 6960 1 -2 3 4 -5 6 -7 8 9 10 11 12 -13 -14 15 -16 17 18 19 20 0
uf20-0659 7824 1 2 3 4 5 6 -7 8 9 10 11 12 13 -14 -15 16 17 -18 19 20 0
uf20-065 8520 1 2 3 4 -5 6 7 8 -9 10 11 12 13 14 15 16 17 18 19 -20 0
uf20-0660 8256 1 2 -3 4 5 6 -7 8 9 10 11 -12 13 -14 15 16 17 18 19 20 0
uf20-0661 9170 1 2 3 -4 -5 6 7 8 9 10 11 12 13 14 15 16 17 18 -19 20 0
uf20-0662 8695 1 2 3 4 5 6 -7 8 9 -10 -11 12 13 14 15 16 17 18 19 20 0
uf20-0663 6426 1 -2 3 4 5 6 7 8 9 10 -11 12 -13 14 15 -16 17 18 -19 -20 0
uf20-0664 9857 1 2 3 4 5 6 7 8 9 10 11 12 13 -14 -15 16 17 18 19 20 0
uf20-0665 7491 1 2 3 -4 5 6 -7 8 9 -10 11 12 -13 14 -15 16 17 18 19 20 0
uf20-0666 7149 1 2 -3 4 5 6 7 8 -9 10 11 -12 -13 -14 15 16 17 18 19 20 0
uf20-0667 7415 1 2 3 4 5 -6 7 8 -9 10 -11 12 13 14 -15 16 17 18 19 20 0
uf20-0668 10226 1 -2 3 4 5 6 7 8 9 10 11 12 13 14 15 16 17 18 19 20 0
uf20-0669 8211 1 2 3 4 5 6 7 -8 9 10 11 -12 -13 14 15 16 -17 18 19 20 0
uf20-066 9516 1 2 3 4 5 -6 7 -8 9 -10 11 12 13 14 15 16 17 18 19 20 0
uf20-0670 7357 1 -2 3 4 5 -6 7 8 9 10 -11 12 13 14 -15 16 17 18 19 -20 0
uf20-0671 7877 -1 2 3 4 5 6 7 8 9 10 -11 12 13 -14 15 16 17 18 19 20 0
uf20-0672 6592 1 2 3 4 5 6 7 -8 9 10 11 -12 13 -14 15 -16 -17 18 -19 20 0
uf20-0673 4398 -1 -2 3 4 5 -6 -7 8 -9 -10 11 12 13 14 15 -16 17 -18 -19 20 0
uf20-0674 6894 1 -2 3 -4 5 6 7 -8 9 10 11 -12 13 14 15 16 17 18 -19 -20 0
uf20-0675 8568 1 2 3 4 5 6 7 8 9 -10 -11 -12 13 14 15 16 17 18 19 20 0
uf20-0676 7013 1 2 3 4 5 6 7 -8 -9 10 11 12 13 -14 -15 16 17 -18 19 20 0
uf20-0677 7719 -1 2 3 4 5 6 7 8 9 10 11 -12 -13 14 15 16 -17 18 19 20 0
uf20-0678 7987 -1 2 3 4 5 6 7 -8 9 10 11 12 13 -14 -15 16 17 18 19 20 0
uf20-0679 10049 1 2 3 4 5 6 7 8 9 10 11 12 -13 14 15 -16 17 18 19 20 0
uf20-067 7366 1 2 -3 -4 5 6 7 8 9 -10 11 12 -13 -14 15 16 17 18 19 20 0
uf20-0680 9968 1 2 3 4 5 6 7 8 9 10 11 -12 13 14 15 16 17 18 19 20 0
uf20-0681 8012 1 2 3 4 5 6 -7 8 9 10 -11 -12 13 14 15 16 -17 18 19 20 0
uf20-0682 6779 -1 2 -3 -4 -5 6 7 8 -9 10 11 -12 13 14 15 16 17 18 19 20 0
uf20-0683 5876 1 2 -3 -4 5 -6 7 -8 9 10 11 12 13 -14 15 16 -17 18 19 -20 0
uf20-0684 7969 -1 2 3 -4 5 6 7 8 -9 10 -11 12 13 14 15 16 17 18 19 20 0
uf20-0685 7719 -1 2 3 4 5 6 -7 -8 9 10 11 12 13 14 15 -16 17 -18 19 20 0
uf20-0686 6323 1 2 3 4 5 6 -7 8 9 -10 -11 -12 -13 14 15 -16 17 18 19 -20 0
uf20-0687 7020 1 -2 3 4 5 -6 7 8 -9 10 11 12 13 14 -15 -16 -17 18 19 20 0
uf20-0688 8760 1 2 -3 -4 5 6 7 8 9 10 11 12 13 14 15 16 -17 18 19 20 0
uf20-0689 6930 1 2 3 -4 5 6 -7 8 9 10 11 12 13 14 -15 16 -17 -18 19 20 0
uf20-068 8603 1 2 3 4 5 6 7 8 9 -10 11 12 13 14 15 -16 -17 18 19 20 0
uf20-0690 8356 1 2 3 4 5 -6 7 8 9 10 11 12 13 14 15 -16 -17 18 19 20 0
uf20-0691 7479 1 2 -3 4 5 6 7 8 9 10 -11 12 -13 -14 15 16 17 -18 19 20 0
uf20-0692 2247 1 2 -3 4 5 6 7 -8 9 10 11 12 13 14 15 16 17 18 19 20 0
uf20-0693 1691 -1 -2 -3 -4 5 6 7 8 9 10 11 -12 13 14 15 16 17 18 19 20 0
uf20-0694 1781 1 2 -3 4 5 6 -7 -8 9 -10 11 -12 13 14 15 16 17 18 19 20 0
uf20-0695 2418 1 2 3 4 5 6 7 8 9 10 11 -12 13 14 15 16 17 18 19 20 0
uf20-0696 1590 1 2 -3 4 5 -6 7 -8 9 -10 -11 12 13 14 15 -16 17 18 19 -20 0
uf20-0697 2062 1 2 3 -4 5 6 -7 8 9 10 11 12 13 14 15 16 17 18 19 -20 0
uf20-0698 2338 1 2 3 4 5 6 7 8 9 10 11 12 13 14 15 16 17 -18 19 -20 0
uf20-0699 1888 1 -2 3 4 -5 -6 7 8 -9 10 11 12 13 14 15 16 17 -18 19 20 0
uf20-069 2109 1 2 3 4 5 6 -7 8 9 10 11 12 13 14 15 -16 17 18 19 -20 0
uf20-06 2319 1 2 -3 4 5 -6 7 8 9 10 11 12 13 14 15 16 17 18 19 20 0
uf20-0700 2011 -1 2 3 4 5 6 7 8 9 10 11 12 13 14 -15 16 17 -18 19 20 0
uf20-0701 1754 1 2 3 4 -5 6 7 -8 9 10 11 -12 13 -14 15 16 17 18 19 -20 0
uf20-0702 2148 1 2 3 -4 5 6 7 -8 9 10 -11 12 13 14 15 16 17 18 19 20 0
uf20-0703 1840 1 2 3 4 5 6 7 -8 9 10 -11 12 13 -14 -15 16 17 18 19 20 0
uf20-0704 1527 -1 2 3 -4 5 6 7 -8 9 -10 -11 12 13 14 15 16 17 18 -19 20 0
uf20-0705 2398 1 2 3 4 5 6 7 -8 9 10 11 12 13 -14 15 16 17 18 19 20 0
uf20-0706 2026 1 -2 -3 4 5 6 7 8 9 10 11 -12 13 14 15 16 17 18 19 20 0
uf20-0707 1955 1 2 3 4 -5 6 7 -8 9 10 11 12 13 14 15 -16 17 -18 19 20 0
uf20-0708 2101 1 2 3 4 5 6 7 8 9 10 11 12 13 14 -15 -16 17 18 19 20 0
uf20-0709 2407 1 2 3 -4 5 6 7 8 9 10 11 -12 13 14 15 16 17 18 19 20 0
uf20-070 1996 1 2 3 4 5 6 -7 8 9 10 11 -12 13 14 -15 16 17 18 19 -20 0
uf20-0710 1584 1 2 3 -4 -5 6 -7 8 -9 -10 11 12 13 -14 15 16 17 18 19 20 0
uf20-0711 1281 -1 2 3 4 5 -6 -7 -8 9 10 11 12 -13 -14 15 16 17 18 19 -20 0
uf20-0712 1800 1 2 -3 4 5 -6 7 8 -9 -10 -11 12 13 14 15 16 17 18 19 20 0
uf20-0713 2076 1 2 -3 4 5 6 -7 8 9 10 11 -12 13 14 15 16 17 18 19 20 0
uf20-0714 1872 -1 2 3 4 5 -6 -7 8 9 10 11 12 13 14 15 16 17 18 19 20 0
uf20-0715 1495 1 2 -3 4 5 6 -7 8 9 -10 11 -12 13 14 15 -16 17 -18 19 -20 0
uf20-0716 1922 1 2 -3 4 5 6 -7 8 9 10 -11 -12 13 14 15 16 17 18 -19 20 0
uf20-0717 1348 1 -2 3 4 5 -6 7 8 9 -10 11 12 -13 14 15 16 -17 -18 19 -20 0
uf20-0718 1553 1 2 3 4 -5 6 7 -8 9 10 11 12 -13 14 -15 16 -17 -18 19 20 0
uf20-0719 1792 1 2 3 -4 5 6 7 -8 9 -10 11 12 -13 14 15 -16 17 18 19 20 0
uf20-071 1732 1 2 -3 4 -5 6 7 8 9 10 11 12 13 14 -15 16 -17 -18 19 20 0
uf20-0720 2198 1 2 3 4 5 6 7 8 9 10 11 -12 -13 14 15 16 17 18 19 20 0
uf20-0721 2204 1 2 3 4 -5 6 7 8 9 -10 11 12 13 14 -15 16 17 18 19 20 0
uf20-0722 1840 1 -2 3 4 5 6 7 8 -9 10 -11 12 -13 14 15 -16 17 18 19 20 0
uf20-0723 2175 1 -2 3 4 5 6 7 8 9 10 11 12 13 -14 15 16 17 -18 19 20 0
uf20-0724 2481 1 2 3 4 5 6 7 8 -9 10 11 12 13 14 15 16 17 18 19 20 0
uf20-0725 1991 1 2 -3 4 5 6 7 8 9 10 11 12 13 14 -15 16 17 -18 -19 20 0
uf20-0726 1824 1 2 3 4 -5 6 7 8 -9 10 11 12 13 -14 15 -16 17 18 -19 20 0
uf20-0727 2058 1 2 3 4 5 6 -7 8 9 10 11 -12 13 14 15 16 17 -18 19 20 0
uf20-0728 1624 1 -2 3 4 5 6 7 8 -9 10 -11 12 13 -14 15 16 17 18 19 20 0
uf20-0729 1586 1 -2 3 4 5 -6 7 -8 9 10 -11 12 13 14 -15 16 17 -18 19 20 0
uf20-072 1767 1 -2 3 4 5 6 7 8 9 10 11 12 -13 14 15 -16 17 18 19 -20 0
uf20-0730 1717 1 2 3 4 5 -6 -7 8 9 10 -11 -12 13 -14 15 16 -17 18 19 20 0
uf20-0731 1730 1 2 3 4 5 6 -7 8 9 10 11 12 13 14 15 -16 -17 -18 19 -20 0
uf20-0732 1892 1 -2 -3 -4 5 6 7 8 9 10 11 12 13 14 15 16 17 -18 19 20 0
uf20-0733 1875 1 2 3 4 5 -6 7 8 9 10 11 -12 -13 14 15 16 17 18 19 -20 0
uf20-0734 2527 1 2 -3 4 5 6 7 8 9 10 11 12 13 14 15 16 17 18 19 20 0
uf20-0735 1688 1 2 3 4 -5 -6 -7 8 -9 10 11 12 13 14 15 -16 17 -18 19 20 0
uf20-0736 1803 -1 2 3 4 5 6 7 -8 9 10 11 -12 -13 14 15 16 -17 18 19 20 0
uf20-0737 1464 1 2 3 -4 -5 6 -7 -8 9 10 11 -12 13 14 -15 16 17 18 19 -20 0
uf20-0738 1646 1 2 3 -4 -5 6 7 8 -9 10 11 12 13 -14 15 -16 -17 18 19 20 0
uf20-0739 2269 1 2 3 4 5 6 7 8 9 10 11 12 -13 -14 15 16 17 -18 19 20 0
uf20-073 2417 1 2 3 4 5 6 7 8 9 10 11 12 13 -14 15 16 17 18 19 20 0
uf20-0740 2296 1 2 3 4 5 6 7 8 -9 10 11 12 -13 14 15 16 17 18 19 20 0
uf20-0741 1666 1 2 3 4 -5 6 7 8 9 10 -11 12 -13 -14 15 16 17 18 -19 20 0
uf20-0742 2047 1 2 3 4 5 -6 7 8 9 10 11 12 -13 14 15 16 17 18 -19 20 0
uf20-0743 1748 1 2 3 4 5 -6 7 8 -9 -10 11 -12 13 14 15 16 17 18 19 20 0
uf20-0744 1954 1 2 3 4 -5 -6 7 8 9 10 11 -12 13 -14 15 16 17 18 19 20 0
uf20-0745 1968 1 2 -3 4 5 6 7 8 9 -10 11 -12 13 14 15 -16 17 18 19 20 0
uf20-0746 2200 1 2 3 4 5 6 7 8 9 10 11 12 13 14 15 16 -17 18 19 -20 0
uf20-0747 2056 1 2 -3 4 5 6 -7 8 9 10 -11 12 13 14 15 16 17 18 19 20 0
uf20-0748 1385 1 -2 3 4 -5 6 7 8 9 10 11 -12 13 -14 -15 16 -17 18 -19 20 0
uf20-0749 2655 1 2 3 4 5 6 -7 8 9 10 11 12 13 14 15 16 17 18 19 20 0
uf20-074 2111 1 2 3 4 5 6 -7 8 9 10 11 12 -13 14 15 16 17 18 -19 20 0
uf20-0750 2472 1 2 3 4 5 6 7 8 9 -10 11 -12 13 14 15 16 17 18 19 20 0
uf20-0751 1522 -1 2 3 4 5 6 7 8 -9 -10 11 12 13 14 15 -16 17 -18 19 20 0
uf20-0752 1659 1 -2 3 -4 5 6 7 8 9 10 11 12 -13 -14 15 16 17 18 -19 -20 0
uf20-0753 1802 1 2 -3 4 5 6 -7 8 9 10 11 12 13 14 15 16 -17 18 19 -20 0
uf20-0754 2039 1 2 3 4 5 6 7 8 9 10 -11 12 -13 14 -15 16 17 18 19 20 0
uf20-0755 1986 1 2 3 4 5 -6 -7 8 9 10 -11 -12 13 14 15 16 17 18 19 20 0
uf20-0756 1830 1 2 3 4 5 -6 7 8 9 -10 11 12 -13 -14 15 16 -17 18 19 20 0
uf20-0757 2241 1 2 3 4 5 6 -7 8 -9 10 11 12 13 14 15 16 17 18 19 20 0
uf20-0758 2357 1 2 3 4 5 -6 7 8 9 10 11 12 13 14 15 16 17 18 -19 20 0
uf20-0759 2088 1 2 3 4 5 -6 -7 8 9 10 11 12 13 14 15 16 17 -18 -19 20 0
uf20-075 1609 1 -2 3 4 5 6 7 -8 9 10 11 -12 13 -14 15 16 -17 18 19 -20 0
uf20-0760 1840 1 2 3 4 5 6 7 -8 9 -10 -11 12 13 -14 -15 16 17 18 19 20 0
uf20-0761 2240 1 2 3 4 5 -6 7 8 9 10 11 -12 13 14 15 16 17 18 19 20 0
uf20-0762 2014 1 2 3 4 5 -6 -7 8 9 10 -11 12 13 14 15 16 -17 18 19 20 0
uf20-0763 2351 1 2 3 4 5 6 -7 8 9 10 11 12 13 14 15 16 17 18 -19 20 0
uf20-0764 2210 1 2 3 4 5 6 7 8 -9 10 11 12 13 14 -15 -16 17 18 19 20 0
uf20-0765 2024 -1 -2 3 4 5 6 7 8 9 10 11 12 13 14 -15 16 17 18 19 -20 0
uf20-0766 1857 1 2 -3 4 5 6 7 8 -9 10 11 12 -13 14 15 16 -17 18 19 20 0
uf20-0767 1933 1 2 3 4 5 6 7 8 -9 10 11 12 -13 14 -15 16 -17 18 19 20 0
uf20-0768 1624 -1 2 3 -4 -5 6 7 -8 -9 10 11 12 13 14 -15 16 17 18 19 20 0
uf20-0769 1684 1 2 -3 4 5 6 -7 8 -9 10 11 12 13 14 -15 16 -17 18 19 -20 0
uf20-076 1632 1 -2 3 4 -5 -6 7 -8 9 10 -11 12 13 14 15 16 17 18 19 -20 0
uf20-0770 2292 1 2 3 4 5 6 7 8 9 10 11 12 13 14 15 16 -17 18 19 20 0
uf20-0771 1861 1 2 3 4 5 6 7 8 9 10 11 -12 13 14 15 -16 17 18 -19 -20 0
uf20-0772 2065 1 2 3 4 -5 6 7 8 9 10 11 12 13 14 15 16 17 18 -19 -20 0
uf20-0773 1814 1 -2 3 4 5 6 7 8 -9 10 -11 -12 -13 14 15 16 17 18 19 20 0
uf20-0774 1584 1 -2 3 4 -5 -6 7 8 -9 10 11 12 13 -14 15 16 -17 18 19 20 0
uf20-0775 1329 1 2 -3 4 5 -6 -7 -8 9 10 11 12 -13 14 -15 -16 -17 18 19 20 0
uf20-0776 1860 1 2 -3 4 5 6 7 -8 9 10 11 12 13 14 -15 16 -17 18 19 20 0
uf20-0777 2051 1 2 3 4 5 6 7 8 9 10 -11 -12 -13 14 15 16 17 18 19 20 0
uf20-0778 1546 1 2 3 4 5 -6 -7 8 -9 10 11 12 -13 14 15 16 -17 18 -19 20 0
uf20-0779 1825 1 2 -3 4 -5 6 7 8 9 10 11 12 13 -14 15 -16 17 18 -19 20 0
uf20-077 1538 1 2 -3 4 5 6 7 -8 9 -10 11 12 13 14 15 16 17 -18 19 20 0
uf20-0780 2197 1 -2 3 4 -5 6 7 8 9 10 11 12 13 14 15 16 -17 18 19 20 0
uf20-0781 1744 1 2 3 4 -5 -6 -7 8 9 10 11 -12 13 14 15 16 17 18 19 -20 0
uf20-0782 1549 1 -2 3 -4 5 6 7 -8 9 10 -11 12 13 14 15 16 -17 -18 19 20 0
uf20-0783 2022 1 2 3 4 5 -6 7 8 9 10 11 -12 13 14 -15 -16 17 18 19 20 0
uf20-0784 1628 1 2 -3 4 5 -6 7 8 9 10 11 12 13 14 15 16 -17 -18 19 20 0
uf20-0785 1474 -1 2 3 -4 -5 6 7 8 9 10 11 12 13 -14 15 16 17 -18 -19 20 0
uf20-0786 2095 1 2 3 4 5 6 7 8 9 10 11 12 13 14 -15 16 -17 -18 19 20 0
uf20-0787 1457 -1 2 3 4 -5 -6 -7 -8 9 10 11 12 13 14 15 -16 17 18 19 20 0
uf20-0788 2249 1 2 3 4 5 6 7 8 9 10 11 -12 13 -14 15 16 17 18 19 20 0
uf20-0789 2295 1 2 3 4 -5 6 7 -8 9 10 11 12 -13 14 15 16 17 18 19 20 0
uf20-078 1670 1 -2 3 4 5 6 -7 8 9 -10 11 12 -13 14 15 -16 17 18 19 20 0
uf20-0790 2108 1 2 3 -4 5 -6 7 8 9 10 11 12 13 14 -15 16 17 18 19 20 0
uf20-0791 2112 1 2 -3 4 -5 6 -7 8 9 10 11 12 13 -14 15 16 17 18 19 20 0
uf20-0792 1277 1 2 -3 4 -5 6 7 8 9 -10 11 -12 13 -14 15 -16 17 18 19 -20 0
uf20-0793 2059 1 2 3 4 5 6 7 8 9 10 11 -12 13 14 15 16 17 -18 -19 20 0
uf20-0794 2200 1 2 3 4 5 6 7 8 9 10 11 12 13 14 -15 16 -17 18 -19 20 0
uf20-0795 1728 -1 2 3 4 5 6 7 8 9 10 11 12 -13 -14 15 16 17 18 -19 -20 0
uf20-0796 1621 1 -2 3 -4 5 6 7 8 9 10 11 12 -13 -14 -15 -16 17 18 19 20 0
uf20-0797 2128 1 2 3 -4 5 6 7 8 9 10 11 12 -13 14 15 16 17 18 19 -20 0
uf20-0798 2303 1 2 3 4 5 6 7 -8 9 10 11 -12 13 14 15 16 17 18 -19 20 0
uf20-0799 1766 1 2 3 -4 5 6 -7 8 -9 10 11 12 13 14 15 16 17 18 19 -20 0
uf20-079 1710 1 -2 3 4 5 6 -7 8 9 10 11 12 -13 -14 15 -16 17 18 19 20 0
uf20-07 1690 -1 2 3 4 -5 6 7 8 9 -10 11 12 13 14 15 -16 -17 18 19 20 0
uf20-0800 2011 1 2 3 4 5 6 7 8 9 -10 11 12 13 14 -15 -16 17 18 19 -20 0
uf20-0801 2473 1 2 3 4 5 6 7 8 9 10 11 12 -13 14 15 16 17 18 19 20 0
uf20-0802 1992 1 -2 3 4 5 6 7 8 9 10 11 12 13 -14 15 16 17 18 19 20 0
uf20-0803 2100 -1 2 3 4 5 6 7 -8 9 10 -11 12 13 14 15 16 17 18 19 20 0
uf20-0804 1775 1 2 3 4 5 6 7 8 -9 10 11 12 -13 14 15 -16 17 -18 19 20 0
uf20-0805 2276 1 2 3 4 5 6 7 8 9 10 11 12 13 14 15 16 -17 -18 19 20 0
uf20-0806 1839 -1 2 -3 4 5 6 7 8 9 10 11 12 13 14 15 -16 17 -18 -19 20 0
uf20-0807 1622 1 -2 3 4 5 6 7 8 -9 -10 11 12 13 14 15 16 17 18 19 -20 0
uf20-0808 1814 1 2 3 -4 5 -6 -7 8 9 10 11 12 13 -14 15 16 17 -18 19 20 0
uf20-0809 1723 -1 -2 3 4 5 6 7 8 9 10 -11 12 13 14 15 16 17 18 19 -20 0
uf20-080 2022 1 2 3 -4 5 6 7 8 9 -10 11 12 13 14 15 16 17 -18 19 20 0
uf20-0810 1456 -1 2 3 4 5 6 7 8 -9 10 -11 -12 13 14 15 -16 17 -18 19 -20 0
uf20-0811 2125 1 2 3 4 5 6 7 8 9 10 11 -12 -13 14 15 16 17 18 19 -20 0
uf20-0812 2084 1 2 -3 4 5 6 7 8 9 -10 11 12 -13 14 15 16 17 18 19 -20 0
uf20-0813 1793 1 2 3 4 5 -6 7 -8 9 10 11 12 -13 14 -15 16 -17 18 19 20 0
uf20-0814 1878 1 2 3 4 5 6 -7 8 9 -10 11 -12 13 14 15 16 -17 18 19 20 0
uf20-0815 2020 1 2 3 4 5 6 7 8 9 -10 11 12 13 14 15 16 17 -18 19 -20 0
uf20-0816 1638 1 2 3 -4 5 6 7 -8 -9 -10 11 12 13 14 15 -16 17 18 19 20 0
uf20-0817 1406 -1 2 -3 4 -5 6 7 8 9 10 11 12 -13 -14 -15 16 -17 18 19 20 0
uf20-0818 1975 1 -2 3 -4 -5 6 7 8 9 10 11 12 -13 14 15 16 17 18 19 20 0
uf20-0819 2025 1 2 -3 4 5 6 7 8 9 -10 11 -12 13 14 15 16 17 18 19 20 0
uf20-081 2084 1 2 3 4 5 6 7 8 9 10 11 12 13 -14 15 16 17 18 -19 -20 0
uf20-0820 1915 1 2 3 4 5 -6 7 8 -9 -10 11 12 13 14 15 16 17 18 19 -20 0
uf20-0821 1471 1 2 3 4 -5 6 7 8 -9 10 -11 12 -13 -14 15 16 17 18 -19 -20 0
uf20-0822 1423 -1 2 -3 -4 5 -6 7 8 9 10 11 12 13 14 15 -16 17 18 -19 20 0
uf20-0823 1744 1 -2 3 4 -5 6 7 8 -9 10 11 12 13 14 -15 16 17 18 -19 20 0
uf20-0824 1909 1 -2 3 -4 5 -6 7 -8 9 10 11 12 13 14 15 16 17 18 19 20 0
uf20-0825 1870 -1 2 -3 4 5 6 -7 -8 9 -10 11 12 13 14 15 16 17 18 19 20 0
uf20-0826 2256 1 -2 3 4 5 6 7 -8 9 10 11 12 13 -14 15 16 17 18 19 20 0
uf20-0827 1721 1 -2 -3 4 5 6 7 -8 9 10 11 12 13 14 -15 16 17 18 19 -20 0
uf20-0828 2073 1 -2 3 -4 -5 6 7 8 9 10 11 12 13 14 15 16 17 -18 19 20 0
uf20-0829 1888 1 2 3 4 -5 6 -7 8 9 10 11 12 -13 14 15 16 17 18 19 20 0
uf20-082 1929 1 2 3 4 5 -6 -7 -8 9 10 11 12 13 14 -15 16 17 18 -19 20 0
uf20-0830 1933 1 -2 3 -4 5 6 -7 8 9 10 11 12 13 14 15 16 17 -18 19 20 0
uf20-0831 2047 -1 2 3 4 5 6 7 8 9 10 11 12 13 -14 15 16 17 -18 19 20 0
uf20-0832 1494 1 2 3 4 5 -6 -7 8 -9 -10 11 -12 13 -14 -15 16 17 18 19 20 0
uf20-0833 1549 -1 2 3 -4 5 6 -7 8 -9 10 -11 12 13 14 15 16 17 18 19 -20 0
uf20-0834 1592 -1 2 3 4 -5 6 7 8 9 10 11 -12 13 14 15 16 17 -18 -19 -20 0
uf20-0835 2178 1 -2 3 4 5 6 7 8 9 -10 11 12 13 14 15 -16 17 18 19 20 0
uf20-0836 2169 1 2 3 -4 5 6 7 -8 9 10 11 12 13 -14 15 16 17 18 -19 20 0
uf20-0837 1492 1 2 3 -4 5 -6 7 8 9 -10 11 12 13 14 -15 -16 17 18 -19 20 0
uf20-0838 1481 -1 2 -3 4 -5 -6 7 8 9 10 11 12 -13 14 15 -16 17 18 -19 20 0
uf20-0839 1865 1 2 -3 4 -5 6 7 8 -9 10 11 12 13 -14 15 16 17 -18 -19 20 0
uf20-083 2086 1 2 3 4 -5 -6 -7 8 9 10 11 12 13 14 15 16 17 18 -19 20 0
uf20-0840 2249 1 -2 3 4 5 6 7 8 9 10 11 12 13 -14 -15 16 17 18 19 20 0
uf20-0841 1983 1 2 3 4 5 -6 -7 8 9 10 -11 12 13 14 15 16 17 18 -19 20 0
uf20-0842 1588 1 -2 3 -4 5 6 7 -8 9 10 11 12 -13 -14 -15 16 17 18 19 20 0
uf20-0843 1489 1 -2 3 4 -5 6 -7 -8 9 -10 11 12 -13 14 15 16 17 18 19 -20 0
uf20-0844 2510 1 2 3 4 5 6 7 8 9 10 11 12 -13 14 15 16 17 18 19 20 0
uf20-0845 2048 1 -2 3 4 5 -6 7 8 9 10 11 12 13 -14 15 16 17 18 19 20 0
uf20-0846 2502 1 2 3 4 5 6 7 8 9 10 11 12 13 14 15 16 17 -18 19 20 0
uf20-0847 1882 -1 2 3 4 5 -6 -7 8 9 10 11 12 13 14 15 16 -17 18 19 -20 0
uf20-0848 1915 1 2 3 4 5 -6 7 -8 -9 10 -11 12 -13 14 15 16 17 18 19 20 0
uf20-0849 2401 1 2 3 4 5 6 7 8 9 10 11 -12 13 14 15 16 17 18 -19 20 0
uf20-084 2451 1 -2 3 4 -5 6 7 8 9 10 11 -12 13 14 15 16 17 18 19 20 0
uf20-0850 1591 1 -2 -3 -4 5 -6 -7 8 9 -10 11 12 13 14 15 16 17 18 19 20 0
uf20-0851 1663 1 2 3 -4 5 -6 7 8 9 10 11 12 13 -14 15 16 -17 18 19 -20 0
uf20-0852 1664 1 2 3 -4 5 -6 7 8 9 -10 11 12 13 -14 -15 16 17 18 19 -20 0
uf20-0853 1654 1 2 -3 4 5 6 -7 -8 9 10 11 -12 13 14 -15 16 17 18 19 -20 0
uf20-0854 1511 1 -2 3 -4 -5 6 7 8 9 -10 -11 12 -13 14 -15 16 17 18 19 20 0
uf20-0855 2400 -1 2 -3 4 5 6 7 8 9 10 11 12 13 14 15 16 17 18 19 20 0
uf20-0856 1451 -1 -2 3 -4 5 -6 7 8 9 10 11 12 13 14 15 16 17 -18 19 -20 0
uf20-0857 1573 1 -2 3 4 -5 6 -7 8 -9 10 11 12 -13 14 15 16 17 18 -19 -20 0
uf20-0858 1809 1 -2 3 4 5 6 7 8 -9 10 -11 12 -13 -14 15 16 17 18 19 20 0
uf20-0859 2217 1 2 -3 -4 5 6 7 8 9 10 11 12 -13 14 15 16 17 18 -19 20 0
uf20-085 2262 1 2 -3 4 5 6 7 8 9 10 11 12 13 -14 15 -16 17 18 19 20 0
uf20-0860 1894 1 -2 -3 4 5 6 7 8 9 10 11 12 -13 14 -15 16 -17 18 19 20 0
uf20-0861 1553 1 2 -3 4 5 -6 7 8 9 10 11 -12 13 14 -15 -16 17 -18 -19 20 0
uf20-0862 1819 1 2 3 4 5 6 7 -8 -9 -10 -11 12 13 14 15 16 17 18 19 20 0
uf20-0863 2065 -1 2 3 4 5 6 7 8 9 10 11 12 -13 14 15 16 17 -18 19 20 0
uf20-0864 2537 1 2 3 4 5 6 7 8 -9 10 11 12 13 14 15 16 17 18 19 20 0
uf20-0865 1775 1 2 3 4 5 6 -7 8 9 -10 11 12 13 14 15 16 -17 18 -19 -20 0
uf20-0866 1608 1 2 3 4 -5 6 -7 8 9 10 11 12 -13 14 -15 -16 17 18 -19 20 0
uf20-0867 2415 1 -2 3 4 5 6 7 8 9 -10 11 12 13 14 15 16 17 18 19 -20 0
uf20-0868 1808 1 2 3 4 5 -6 7 8 9 -10 11 12 13 -14 15 16 -17 18 -19 20 0
uf20-0869 2065 1 2 -3 4 5 -6 7 8 -9 10 11 12 13 14 15 -16 17 18 19 20 0
uf20-086 1655 1 -2 3 -4 5 6 7 -8 9 10 11 12 13 14 15 16 17 -18 -19 20 0
uf20-0870 2014 1 2 3 4 5 -6 7 -8 -9 10 11 12 13 14 15 16 17 -18 19 20 0
uf20-0871 1855 1 2 -3 -4 5 6 7 8 9 10 11 -12 13 14 -15 16 17 18 -19 20 0
uf20-0872 1385 -1 2 3 4 -5 -6 7 8 -9 10 11 -12 13 14 15 -16 17 18 -19 20 0
uf20-0873 2516 1 2 3 4 5 6 7 8 -9 10 11 12 13 14 15 16 17 -18 19 20 0
uf20-0874 2389 1 2 3 4 5 6 7 8 -9 10 11 -12 13 14 15 16 17 18 19 20 0
uf20-0875 1982 -1 2 3 -4 5 6 -7 8 9 10 11 12 13 14 -15 16 17 18 19 20 0
uf20-0876 1907 1 2 3 -4 5 6 7 8 9 -10 -11 12 13 14 15 16 17 18 19 20 0
uf20-0877 1519 1 2 -3 4 -5 -6 7 8 -9 -10 -11 12 13 -14 15 16 17 18 19 20 0
uf20-0878 1461 -1 -2 -3 4 -5 -6 7 8 9 10 11 12 13 -14 15 16 -17 18 19 20 0
uf20-0879 2150 1 -2 3 -4 5 6 7 8 9 10 11 12 13 14 -15 -16 17 18 19 20 0
uf20-087 1999 1 2 3 -4 5 6 -7 8 -9 10 11 12 13 14 15 -16 17 18 19 20 0
uf20-0880 1923 1 2 3 4 5 6 -7 8 9 10 11 12 -13 14 15 16 17 18 -19 -20 0
uf20-0881 2007 1 2 3 4 5 6 7 8 9 10 -11 -12 13 -14 -15 16 17 18 19 20 0
uf20-0882 2514 1 2 3 4 -5 6 7 8 9 10 11 -12 13 14 15 16 17 18 19 20 0
uf20-0883 1647 1 -2 -3 4 5 6 7 8 -9 10 -11 12 -13 14 -15 16 17 18 19 20 0
uf20-0884 2298 1 2 3 4 5 6 7 8 9 10 11 -12 13 14 15 16 17 -18 19 20 0
uf20-0885 1954 1 2 3 -4 -5 6 7 8 9 -10 11 12 13 14 -15 -16 17 18 19 20 0
uf20-0886 2355 1 2 3 -4 5 6 7 8 9 10 11 12 13 14 -15 16 17 18 -19 20 0
uf20-0887 1737 -1 2 3 4 -5 6 7 -8 9 -10 -11 12 13 14 15 16 17 18 -19 20 0
uf20-0888 2043 1 2 3 -4 5 6 -7 8 9 10 11 -12 13 14 15 16 17 18 19 20 0
uf20-0889 1939 1 -2 3 4 5 -6 -7 8 9 10 11 12 13 14 15 -16 -17 18 19 20 0
uf20-088 2207 1 2 3 4 -5 6 7 8 9 10 11 12 13 14 15 16 -17 18 -19 20 0
uf20-0890 1733 1 2 3 -4 -5 -6 7 8 -9 -10 11 12 13 -14 15 16 17 18 19 20 0
uf20-0891 1880 -1 2 -3 4 5 6 7 8 9 10 11 12 13 14 15 16 17 18 -19 -20 0
uf20-0892 1924 1 2 -3 4 5 6 7 8 9 10 11 12 13 -14 -15 16 17 18 -19 -20 0
uf20-0893 1776 -1 2 3 4 -5 6 7 8 9 10 11 12 -13 14 15 16 -17 -18 19 -20 0
uf20-0894 2572 1 2 3 4 5 6 7 8 9 10 11 12 13 14 15 -16 17 18 19 20 0
uf20-0895 1756 1 2 -3 4 5 6 -7 8 9 10 11 -12 -13 14 15 16 17 18 19 -20 0
uf20-0896 1626 -1 -2 3 -4 5 6 7 8 9 10 11 12 -13 14 15 -16 17 -18 -19 20 0
uf20-0897 2114 1 2 3 4 5 -6 7 8 -9 10 11 12 13 14 15 16 17 18 19 -20 0
uf20-0898 1548 -1 -2 -3 -4 -5 6 7 8 9 10 11 12 13 -14 15 16 17 18 19 20 0
uf20-0899 2284 1 2 3 -4 5 6 7 8 9 10 -11 12 13 14 15 -16 17 18 19 20 0
uf20-089 1532 1 -2 -3 4 5 6 7 8 -9 10 11 12 13 -14 -15 -16 17 18 19 20 0
uf20-08 1859 1 2 3 4 -5 6 7 -8 9 10 11 12 13 14 15 16 -17 -18 -19 20 0
uf20-0900 1879 1 -2 3 4 5 6 -7 8 9 10 -11 12 13 14 -15 16 17 18 -19 20 0
uf20-0901 2419 1 2 3 -4 5 6 7 8 9 10 -11 12 13 14 15 16 17 18 19 20 0
uf20-0902 1905 1 2 3 4 5 -6 7 8 9 -10 11 12 13 14 15 16 17 -18 -19 -20 0
uf20-0903 1873 1 -2 3 4 5 6 7 8 -9 10 11 12 13 -14 -15 16 -17 18 19 20 0
uf20-0904 1723 1 -2 3 4 5 6 7 8 -9 10 -11 12 13 14 15 16 -17 18 19 -20 0
uf20-0905 1765 -1 2 3 4 5 -6 7 -8 9 -10 11 12 13 14 15 -16 17 18 19 20 0
uf20-0906 1766 1 2 3 4 5 6 7 8 -9 -10 11 12 13 -14 -15 -16 17 18 19 20 0
uf20-0907 1519 -1 2 3 4 5 6 7 -8 9 10 11 12 -13 -14 15 16 -17 18 -19 20 0
uf20-0908 1700 1 -2 3 4 -5 6 7 -8 9 10 11 -12 13 14 15 -16 17 -18 19 20 0
uf20-0909 1694 -1 2 3 4 5 -6 -7 8 9 10 -11 -12 13 14 15 16 17 18 -19 20 0
uf20-090 2384 1 2 3 4 5 6 7 8 -9 10 11 12 13 14 15 16 17 18 19 20 0
uf20-0910 1783 1 -2 3 -4 5 -6 7 8 9 10 11 12 13 14 15 -16 17 18 -19 20 0
uf20-0911 1911 -1 2 -3 -4 5 6 7 8 9 10 11 12 13 14 15 16 17 -18 19 20 0
uf20-0912 1539 1 -2 3 4 -5 6 -7 8 9 10 11 12 -13 14 15 -16 -17 18 19 -20 0
uf20-0913 1927 1 2 3 4 5 -6 7 8 9 10 11 12 -13 14 15 16 -17 18 19 -20 0
uf20-0914 1843 1 -2 3 4 5 -6 7 -8 9 -10 11 12 13 14 15 16 17 -18 19 20 0
uf20-0915 1666 -1 2 -3 4 5 6 -7 8 -9 10 11 12 13 14 15 16 17 18 19 -20 0
uf20-0916 2158 1 2 -3 4 5 -6 7 8 -9 10 11 12 13 14 15 16 17 18 19 20 0
uf20-0917 1722 1 2 -3 4 5 -6 7 8 9 10 11 12 13 -14 15 -16 17 18 19 -20 0
uf20-0918 2108 1 2 -3 -4 5 6 -7 8 9 10 11 12 13 -14 15 16 17 18 19 20 0
uf20-0919 2043 1 2 3 4 5 6 7 -8 9 10 11 12 13 14 -15 -16 17 -18 19 20 0
uf20-091 2024 -1 2 3 4 5 6 -7 -8 9 10 -11 12 13 14 15 16 17 18 19 20 0
uf20-0920 2569 1 2 3 4 5 6 7 8 -9 10 11 12 13 14 15 16 17 18 19 20 0
uf20-0921 2229 1 -2 3 -4 5 -6 7 8 9 10 11 12 13 14 15 16 17 18 19 20 0
uf20-0922 2231 1 2 -3 4 5 6 -7 8 9 10 11 -12 13 14 15 16 17 18 19 20 0
uf20-0923 2104 1 2 3 -4 -5 -6 7 8 9 10 11 12 13 -14 15 16 17 18 19 20 0
uf20-0924 1962 1 2 3 4 5 6 7 8 9 -10 11 12 -13 14 -15 16 17 -18 -19 20 0
uf20-0925 1941 -1 2 3 4 5 6 -7 8 9 10 11 12 13 14 15 16 17 18 19 -20 0
uf20-0926 2166 1 2 -3 4 5 6 7 8 9 10 11 12 13 14 15 -16 -17 18 19 20 0
uf20-0927 1749 -1 -2 -3 4 5 6 7 8 9 10 -11 12 -13 14 15 16 17 18 19 -20 0
uf20-0928 2032 1 2 -3 4 5 -6 7 8 9 10 11 12 13 14 15 -16 17 18 19 20 0
uf20-0929 1957 1 2 -3 4 5 6 7 -8 9 -10 11 12 13 -14 15 16 17 18 19 -20 0
uf20-092 2614 1 2 3 4 5 6 7 8 9 -10 11 12 13 14 15 16 17 18 19 20 0
uf20-0930 1920 1 2 3 4 5 -6 7 8 9 10 11 -12 -13 14 15 16 17 18 -19 20 0
uf20-0931 2079 1 2 3 4 5 6 7 -8 9 10 11 12 -13 -14 -15 16 17 18 19 20 0
uf20-0932 2039 1 2 3 4 5 -6 7 8 -9 -10 11 12 13 14 -15 16 17 18 19 20 0
uf20-0933 1723 -1 2 3 4 -5 6 -7 -8 9 -10 11 12 13 14 15 16 17 18 19 -20 0
uf20-0934 2097 1 2 3 4 5 -6 7 8 9 -10 11 -12 13 14 15 16 17 18 19 -20 0
uf20-0935 2246 1 2 3 4 5 6 7 8 9 10 -11 12 13 14 15 16 -17 18 19 20 0
uf20-0936 1820 1 -2 3 4 5 6 7 8 9 10 11 12 -13 14 15 16 17 -18 19 -20 0
uf20-0937 1521 1 2 -3 -4 5 6 7 8 -9 10 11 12 -13 14 15 -16 17 18 -19 20 0
uf20-0938 1871 -1 2 -3 4 5 6 7 8 9 10 -11 12 13 14 15 16 -17 18 -19 20 0
uf20-0939 1639 -1 2 3 4 5 6 7 8 -9 10 11 12 -13 14 -15 16 -17 18 -19 20 0
uf20-093 1624 1 2 3 -4 5 6 7 -8 -9 10 -11 12 13 14 15 -16 17 -18 19 20 0
uf20-0940 1824 1 2 3 4 5 6 7 -8 9 10 -11 12 -13 14 15 -16 17 -18 19 20 0
uf20-0941 1391 -1 2 3 -4 5 -6 -7 8 9 10 11 -12 13 -14 15 16 17 -18 -19 20 0
uf20-0942 1871 1 2 3 4 5 -6 7 8 9 -10 11 12 13 14 15 -16 17 18 19 20 0
uf20-0943 1914 -1 2 3 4 5 -6 7 8 -9 -10 11 12 13 14 15 16 17 18 19 20 0
uf20-0944 2039 1 2 -3 4 5 6 7 8 9 10 11 12 13 -14 15 16 17 -18 19 20 0
uf20-0945 2087 1 2 -3 4 5 6 7 8 9 10 11 12 -13 14 15 -16 -17 18 19 20 0
uf20-0946 2024 1 2 3 -4 5 6 7 8 9 -10 11 12 13 14 -15 16 -17 18 19 20 0
uf20-0947 1902 1 -2 -3 4 -5 6 7 8 9 10 11 12 13 14 15 16 17 18 19 20 0
uf20-0948 2441 1 2 -3 4 5 -6 7 8 9 10 11 12 13 14 15 16 17 18 19 20 0
uf20-0949 1646 1 2 -3 4 -5 6 -7 -8 9 10 11 12 13 -14 15 16 17 -18 19 20 0
uf20-094 2010 1 2 3 -4 5 6 -7 8 9 10 11 12 13 -14 -15 16 17 -18 19 20 0
uf20-0950 2014 1 -2 3 4 5 6 7 8 -9 10 11 12 13 14 -15 16 17 -18 19 20 0
uf20-0951 1797 1 2 -3 4 -5 6 7 8 9 10 -11 12 13 -14 15 16 17 18 -19 20 0
uf20-0952 1787 -1 -2 3 4 5 6 7 8 9 10 11 -12 13 -14 15 16 17 18 -19 20 0
uf20-0953 1716 -1 -2 3 4 5 6 7 8 9 10 -11 12 -13 -14 15 16 17 18 19 20 0
uf20-0954 2387 1 -2 3 4 -5 6 7 -8 9 10 11 12 13 14 15 16 17 18 19 20 0
uf20-0955 2185 1 2 3 4 -5 6 7 8 9 10 11 -12 13 14 15 16 17 -18 19 20 0
uf20-0956 1646 1 -2 3 -4 5 6 7 -8 9 10 11 -12 -13 14 15 16 17 18 19 -20 0
uf20-0957 2027 1 -2 3 4 -5 6 7 8 9 10 11 12 13 14 15 16 17 18 -19 20 0
uf20-0958 1695 -1 2 3 4 -5 6 -7 8 9 10 -11 12 13 -14 15 16 -17 18 19 20 0
uf20-0959 2085 1 2 3 4 -5 6 7 8 9 10 11 -12 13 -14 15 16 -17 18 19 20 0
uf20-095 10725 1 2 3 4 -5 6 7 8 -9 10 11 12 13 14 15 16 17 -18 -19 20 0
uf20-0960 10436 1 2 3 4 5 6 7 8 9 10 -11 -12 13 14 15 16 -17 -18 19 -20 0
uf20-0961 6355 1 2 -3 -4 -5 -6 7 8 9 10 11 -12 -13 -14 15 -16 17 18 -19 20 0
uf20-0962 8365 1 2 -3 4 -5 6 7 -8 9 10 -11 -12 13 -14 15 16 17 18 19 20 0
uf20-0963 8984 1 -2 -3 4 5 6 7 8 9 -10 -11 -12 13 -14 15 16 17 18 19 20 0
uf20-0964 10942 1 2 -3 4 5 6 -7 8 9 10 11 12 -13 14 15 16 17 -18 19 20 0
uf20-0965 10625 1 2 3 4 5 6 7 8 9 10 11 12 13 14 15 16 -17 -18 19 20 0
uf20-0966 11703 -1 -2 3 4 5 6 7 8 9 10 11 12 13 14 -15 16 17 18 19 20 0
uf20-0967 12328 1 2 3 -4 5 6 7 8 9 10 11 12 -13 14 15 16 17 18 19 -20 0
uf20-0968 9251 1 2 3 -4 5 6 -7 8 9 10 11 12 13 14 -15 -16 -17 18 -19 20 0
uf20-0969 9004 -1 2 3 -4 5 -6 7 8 9 10 11 12 -13 14 -15 16 -17 18 19 20 0
uf20-096 11806 1 2 3 4 5 6 7 8 9 10 11 -12 -13 14 15 16 17 18 19 20 0
uf20-0970 8937 1 -2 3 -4 5 -6 7 8 9 10 -11 12 13 -14 15 16 -17 18 19 20 0
uf20-0971 8178 -1 2 -3 -4 5 6 7 8 -9 10 11 12 -13 14 -15 16 17 18 -19 20 0
uf20-0972 11735 1 2 3 4 5 -6 7 8 9 10 11 12 13 14 15 16 -17 -18 19 20 0
uf20-0973 11105 -1 2 3 4 5 6 7 -8 9 -10 11 -12 13 14 15 16 17 18 19 20 0
uf20-0974 9695 1 -2 3 -4 5 6 -7 -8 9 -10 -11 12 13 14 15 16 17 18 19 20 0
uf20-0975 13388 1 2 3 4 5 -6 7 8 9 10 11 12 13 14 15 16 17 18 19 20 0
uf20-0976 10722 1 2 -3 4 5 -6 -7 8 9 -10 11 12 13 14 15 16 17 -18 19 20 0
uf20-0977 10962 1 2 3 4 5 -6 7 -8 9 10 11 12 13 14 15 16 17 -18 19 20 0
uf20-0978 13670 1 2 3 4 5 6 7 8 9 10 11 12 13 14 15 -16 17 18 19 20 0
uf20-0979 9279 1 -2 -3 4 5 6 7 8 9 10 11 12 13 14 -15 16 17 -18 19 -20 0
uf20-097 9110 1 2 3 4 -5 -6 7 8 9 10 -11 -12 13 14 -15 16 17 18 -19 20 0
uf20-0980 8376 1 -2 3 -4 -5 6 -7 8 9 10 11 12 13 14 -15 16 -17 18 19 20 0
uf20-0981 8328 -1 2 3 4 -5 -6 7 8 9 10 11 12 -13 14 15 16 17 18 -19 -20 0
uf20-0982 8403 1 -2 3 4 -5 6 -7 -8 9 10 11 12 -13 -14 15 16 17 18 -19 20 0
uf20-0983 9615 1 2 -3 -4 -5 6 7 -8 -9 10 11 12 13 14 15 16 17 18 19 20 0
uf20-0984 9530 1 2 3 -4 -5 6 7 8 -9 -10 11 -12 13 -14 15 16 17 18 19 20 0
uf20-0985 11974 1 2 3 4 5 6 -7 8 9 10 -11 12 13 14 15 16 17 -18 19 20 0
uf20-0986 8248 -1 2 3 4 -5 6 7 8 -9 10 -11 12 13 -14 15 16 -17 18 19 20 0
uf20-0987 12128 1 2 -3 4 5 6 7 8 9 10 11 -12 13 14 15 16 17 18 -19 20 0
uf20-0988 8787 -1 2 3 4 5 6 7 8 9 -10 11 -12 13 -14 -15 16 17 18 -19 20 0
uf20-0989 9792 -1 2 -3 4 5 6 7 8 9 10 -11 12 13 -14 15 -16 17 18 19 20 0
uf20-098 9880 1 2 3 -4 5 6 7 8 -9 10 -11 12 13 14 -15 16 17 18 19 20 0
uf20-0990 10540 1 -2 3 4 5 6 7 8 9 10 11 -12 13 -14 -15 16 17 -18 19 20 0
uf20-0991 11027 1 -2 3 4 5 6 -7 8 9 10 11 12 13 -14 15 16 17 18 19 20 0
uf20-0992 8276 1 -2 -3 4 -5 6 7 -8 9 10 11 12 -13 -14 15 16 17 18 19 -20 0
uf20-0993 11454 1 2 3 4 5 6 -7 8 -9 10 11 12 13 14 -15 16 17 18 19 20 0
uf20-0994 9374 -1 -2 3 4 5 6 7 8 9 10 11 12 13 -14 15 -16 17 18 19 -20 0
uf20-0995 11201 1 2 3 4 5 6 7 8 -9 10 -11 12 13 14 15 16 17 18 -19 -20 0
uf20-0996 10148 1 2 -3 -4 5 6 7 -8 9 10 11 -12 13 14 15 16 17 18 19 20 0
uf20-0997 10669 1 2 3 -4 5 6 7 8 9 10 11 12 13 14 15 16 -17 18 -19 20 0
uf20-0998 11038 1 2 3 4 -5 6 7 8 9 10 11 12 13 -14 15 16 17 18 19 20 0
uf20-0999 11777 1 2 -3 4 5 -6 7 8 9 10 11 12 13 14 15 16 17 -18 19 20 0
uf20-099 7275 1 -2 3 4 -5 -6 -7 8 9 10 11 12 -13 14 -15 -16 17 18 -19 20 0
uf20-09 11081 -1 2 3 4 5 6 7 -8 9 10 11 12 13 14 15 16 17 -18 19 20 0
