uf20-01000 9345 -1 2 3 4 5 6 7 8 9 10 -11 12 13 14 -15 -16 -17 18 19 -20 0
uf20-0100 9604 1 2 3 4 5 -6 -7 8 9 10 11 12 13 14 15 16 -17 -18 19 20 0
uf20-0101 10308 1 2 3 -4 -5 6 -7 8 9 10 11 12 13 14 15 -16 17 -18 19 20 0
uf20-0102 10578 -1 2 3 4 -5 6 7 8 -9 -10 11 12 13 14 -15 -16 17 18 19 -20 0
uf20-0103 9338 -1 -2 3 4 5 6 7 8 -9 10 11 12 -13 14 15 16 -17 18 19 20 0
uf20-0104 9574 1 2 3 4 5 -6 7 8 9 -10 11 12 13 -14 15 -16 17 -18 19 -20 0
uf20-0105 11436 1 2 3 4 5 6 7 -8 9 10 11 12 13 14 15 16 -17 18 19 20 0
uf20-0106 10266 -1 2 3 4 5 6 7 8 9 10 11 12 13 14 15 16 -17 18 19 20 0
uf20-0107 9801 1 -2 3 4 5 6 7 8 9 10 11 12 -13 14 -15 16 17 18 19 -20 0
uf20-0108 8219 1 2 3 4 5 6 7 8 9 10 11 -12 13 14 15 16 17 18 19 20 0
uf20-0109 11541 -1 -2 3 -4 5 -6 7 8 -9 -10 11 12 13 -14 15 16 -17 18 19 20 0
uf20-010 9133 -1 2 3 4 5 6 7 8 9 10 11 12 13 14 15 16 -17 18 19 20 0
uf20-0110 10333 1 -2 3 4 5 6 7 8 9 -10 -11 12 13 14 15 16 17 18 19 -20 0
uf20-0111 8869 1 2 3 4 5 -6 7 8 9 10 -11 12 13 14 15 16 17 -18 19 20 0
uf20-0112 9846 -1 2 3 4 5 6 7 8 -9 10 11 12 13 14 15 16 17 18 -19 20 0
uf20-0113 9691 -1 -2 3 4 5 6 7 8 9 10 11 -12 13 14 15 16 17 18 19 20 0
uf20-0114 9151 1 -2 3 4 -5 6 -7 8 9 10 11 12 -13 14 15 16 17 18 19 20 0
uf20-0115 9671 1 2 3 4 5 -6 7 -8 9 10 11 -12 -13 14 -15 16 17 18 -19 20 0
uf20-0116 10432 1 -2 -3 4 -5 6 7 -8 9 -10 -11 -12 13 14 15 16 17 18 19 20 0
uf20-0117 9302 1 -2 -3 4 5 6 7 8 -9 10 11 12 13 14 15 16 17 18 19 20 0
uf20-0118 9126 1 -2 -3 4 5 -6 7 8 9 10 11 12 13 14 15 16 17 18 19 20 0
uf20-0119 9462 -1 2 -3 4 5 6 7 8 -9 10 11 12 13 14 15 16 17 18 19 20 0
uf20-011 8635 1 2 3 4 -5 -6 -7 8 -9 10 -11 12 13 14 15 16 17 18 19 20 0
uf20-0120 9807 1 -2 3 4 5 -6 7 -8 9 -10 11 12 -13 14 15 16 17 18 -19 20 0
uf20-0121 8989 1 -2 3 4 -5 6 7 8 9 10 11 12 13 14 15 16 17 18 -19 20 0
uf20-0122 9997 -1 2 3 4 5 6 7 8 9 -10 -11 12 -13 14 15 -16 17 18 19 20 0
uf20-0123 9350 1 2 3 4 -5 -6 7 8 9 10 11 12 13 14 15 16 17 18 -19 20 0
uf20-0124 8942 1 2 3 4 5 6 7 8 9 -10 11 12 13 14 15 -16 17 -18 19 20 0
uf20-0125 9502 1 2 3 4 5 6 7 8 -9 10 11 12 13 14 -15 16 17 18 19 20 0
uf20-0126 9541 1 2 3 4 5 6 7 -8 9 10 11 12 -13 14 15 16 17 18 -19 20 0
uf20-0127 10189 1 2 3 -4 5 6 -7 8 9 10 11 12 13 14 15 -16 17 18 -19 20 0
uf20-0128 8628 1 -2 3 4 5 6 7 8 9 10 11 12 -13 14 15 16 -17 18 19 -20 0
uf20-0129 11584 1 -2 3 4 5 6 7 -8 9 10 11 12 -13 14 -15 -16 17 -18 19 20 0
uf20-012 10278 1 2 -3 4 -5 6 -7 -8 9 -10 -11 12 13 14 15 -16 17 18 19 20 0
uf20-0130 9386 -1 2 3 4 5 6 7 8 -9 10 11 12 13 -14 -15 16 -17 18 -19 -20 0
uf20-0131 9123 1 2 3 4 5 -6 7 8 9 10 11 12 13 14 15 16 17 18 19 20 0
uf20-0132 10176 1 2 3 4 -5 6 7 8 -9 10 11 12 13 -14 15 16 -17 18 -19 20 0
uf20-0133 7748 1 -2 3 4 5 6 7 -8 9 10 11 12 13 14 15 16 17 18 19 20 0
uf20-0134 9787 -1 2 3 -4 5 6 -7 8 -9 10 11 12 13 14 -15 16 17 18 -19 20 0
uf20-0135 9668 1 2 3 4 -5 6 7 8 9 -10 -11 12 13 14 -15 16 -17 18 19 20 0
uf20-0136 10058 1 2 3 -4 5 6 7 8 9 10 11 12 13 14 15 16 17 -18 -19 20 0
uf20-0137 11231 1 2 -3 4 -5 -6 7 8 9 10 -11 -12 13 14 15 16 -17 18 -19 20 0
uf20-0138 8672 -1 -2 3 4 5 6 7 8 9 10 11 12 13 -14 15 16 17 -18 19 20 0
uf20-0139 10896 -1 -2 -3 4 5 6 7 8 9 10 11 12 13 14 15 -16 -17 -18 19 -20 0
uf20-013 12828 1 2 3 4 5 -6 7 -8 9 10 -11 12 13 14 15 -16 17 18 19 20 0
uf20-0140 9252 1 2 3 -4 5 6 7 8 9 10 11 12 13 14 15 -16 17 18 19 20 0
uf20-0141 10415 1 2 -3 -4 5 6 7 -8 9 10 11 12 13 14 15 16 17 -18 19 20 0
uf20-0142 8911 1 2 3 4 -5 -6 7 -8 -9 -10 11 12 13 14 15 16 17 18 19 20 0
uf20-0143 11535 1 2 3 4 5 6 7 8 -9 10 11 12 13 14 -15 16 17 18 19 20 0
uf20-0144 10898 1 -2 3 4 -5 6 -7 -8 -9 10 11 12 13 14 -15 16 17 -18 19 20 0
uf20-0145 10186 1 2 3 4 5 6 7 8 9 -10 11 12 13 -14 15 16 17 -18 -19 20 0
uf20-0146 10057 1 -2 3 4 -5 6 7 -8 9 10 11 12 13 14 15 16 17 18 19 -20 0
uf20-0147 10179 1 -2 -3 4 5 6 -7 8 9 10 11 12 13 -14 -15 -16 -17 -18 19 20 0
uf20-0148 8012 -1 2 -3 4 -5 6 7 8 9 10 11 12 13 -14 15 16 17 -18 -19 20 0
uf20-0149 10420 1 2 -3 4 5 6 -7 8 9 10 -11 12 -13 14 15 16 17 18 19 20 0
uf20-014 10748 1 2 3 4 5 -6 -7 8 9 10 11 12 13 -14 15 -16 17 18 19 20 0
uf20-0150 12087 1 -2 3 -4 5 6 7 8 -9 10 11 12 13 14 -15 16 17 18 -19 20 0
uf20-0151 10346 1 2 3 4 5 6 7 8 9 10 11 12 13 14 15 16 -17 18 -19 20 0
uf20-0152 10541 -1 2 3 4 5 6 7 8 9 -10 11 12 13 14 -15 16 17 -18 -19 -20 0
uf20-0153 10797 1 2 3 4 5 6 7 8 -9 10 -11 -12 13 14 15 -16 17 18 19 -20 0
uf20-0154 8967 -1 2 3 4 5 6 7 8 -9 10 -11 -12 13 14 -15 16 17 18 19 20 0
uf20-0155 8858 1 2 3 4 5 6 -7 8 9 -10 11 12 13 14 15 16 -17 18 19 20 0
uf20-0156 10150 -1 -2 3 -4 5 6 7 -8 9 -10 11 -12 -13 14 15 -16 17 18 19 -20 0
uf20-0157 10764 -1 2 3 -4 -5 6 7 8 9 10 11 12 -13 -14 15 16 17 -18 19 20 0
uf20-0158 11292 1 2 3 4 5 6 7 8 9 10 11 12 -13 14 -15 -16 17 -18 19 20 0
uf20-0159 9880 1 2 -3 4 5 6 -7 8 9 10 11 -12 13 14 15 16 17 18 19 20 0
uf20-015 10652 -1 2 3 4 5 6 -7 8 9 10 11 12 13 14 15 -16 -17 18 19 -20 0
uf20-0160 10500 1 2 -3 4 5 6 7 8 9 10 11 12 13 14 15 16 17 18 19 20 0
uf20-0161 11237 1 2 3 4 5 6 -7 8 9 10 11 12 13 14 15 16 -17 -18 -19 20 0
uf20-0162 10503 1 2 3 -4 5 6 7 -8 9 10 -11 12 -13 14 15 16 17 18 19 20 0
uf20-0163 11244 -1 2 3 4 5 6 7 8 9 10 11 12 13 14 15 16 -17 18 19 20 0
uf20-0164 10505 -1 -2 3 4 5 6 7 8 9 10 11 12 13 -14 15 -16 17 -18 19 20 0
uf20-0165 8952 1 2 3 4 5 -6 -7 8 -9 10 11 12 13 14 15 -16 17 18 19 20 0
uf20-0166 9932 1 2 3 4 -5 6 7 8 9 10 -11 12 -13 14 -15 16 17 18 19 20 0
uf20-0167 9940 1 2 3 4 -5 6 7 8 9 10 11 12 13 14 15 16 -17 -18 19 20 0
uf20-0168 8964 1 -2 3 -4 5 6 7 8 9 -10 11 12 13 14 15 16 -17 18 19 -20 0
uf20-0169 10499 -1 2 -3 4 5 6 7 8 9 10 11 -12 13 14 15 16 17 -18 -19 -20 0
uf20-016 10075 1 2 3 4 5 6 7 8 9 -10 11 12 13 14 -15 -16 -17 18 -19 20 0
uf20-0170 9440 1 2 3 4 5 6 7 8 9 -10 11 12 13 14 -15 16 17 18 19 -20 0
uf20-0171 11153 1 2 3 4 5 6 7 8 9 10 11 12 13 -14 -15 16 17 18 19 20 0
uf20-0172 9424 -1 2 3 -4 -5 6 7 8 -9 10 11 12 13 14 15 16 17 18 19 20 0
uf20-0173 9160 1 2 -3 4 5 -6 7 -8 -9 10 11 12 -13 14 15 -16 17 -18 19 20 0
uf20-0174 8851 1 -2 3 4 5 6 7 8 -9 10 11 -12 13 14 15 -16 -17 18 19 20 0
uf20-0175 9391 1 2 3 -4 -5 6 7 8 9 10 11 12 13 14 -15 16 -17 -18 19 20 0
uf20-0176 10388 1 -2 -3 4 5 6 7 8 9 -10 11 -12 13 14 15 16 -17 -18 -19 20 0
uf20-0177 9215 -1 2 3 4 5 6 7 -8 9 10 11 12 -13 14 15 16 17 18 -19 20 0
uf20-0178 9882 -1 -2 3 4 5 -6 -7 8 9 10 11 12 13 14 15 -16 -17 18 19 20 0
uf20-0179 9607 1 2 3 4 -5 6 7 8 -9 -10 11 12 13 -14 15 16 17 18 19 20 0
uf20-017 9420 1 2 3 4 5 6 7 8 9 10 11 12 -13 14 15 16 -17 18 19 20 0
uf20-0180 9078 1 2 3 4 -5 -6 7 8 9 10 11 12 13 -14 15 16 17 -18 -19 20 0
uf20-0181 10143 -1 2 3 4 5 -6 7 -8 9 10 11 12 13 14 15 16 -17 18 19 20 0
uf20-0182 11879 -1 2 3 4 5 6 -7 -8 9 10 11 12 13 14 15 16 17 18 -19 20 0
uf20-0183 10849 1 2 3 4 -5 6 -7 8 9 -10 -11 12 -13 14 15 16 -17 18 19 20 0
uf20-0184 8934 1 2 3 -4 5 6 -7 -8 9 10 11 12 -13 -14 15 16 -17 -18 19 20 0
uf20-0185 9581 1 2 3 4 -5 -6 -7 8 9 -10 11 -12 -13 14 15 16 17 18 -19 20 0
uf20-0186 10448 1 2 3 4 5 6 7 8 9 -10 11 12 -13 14 15 16 17 18 19 20 0
uf20-0187 10485 1 2 3 -4 -5 6 7 8 9 -10 11 12 -13 14 15 16 17 -18 19 20 0
uf20-0188 10942 -1 2 3 4 -5 6 7 8 9 10 11 -12 13 -14 15 16 -17 18 -19 -20 0
uf20-0189 8316 1 2 3 4 5 -6 7 -8 9 10 11 -12 13 -14 15 16 17 18 19 -20 0
uf20-018 9232 1 2 3 -4 5 -6 7 8 -9 10 11 12 13 14 15 -16 17 18 -19 20 0
uf20-0190 9957 1 2 3 4 5 6 7 8 -9 10 11 12 13 14 15 16 17 18 19 -20 0
uf20-0191 9911 1 2 3 4 -5 6 -7 8 9 10 11 -12 13 14 15 16 17 18 19 20 0
uf20-0192 10100 -1 -2 3 4 5 6 -7 8 9 10 11 12 13 -14 15 16 17 18 -19 -20 0
uf20-0193 10231 1 2 3 -4 -5 -6 7 8 9 -10 11 12 13 14 15 -16 17 18 -19 20 0
uf20-0194 8897 1 2 3 -4 -5 6 7 8 9 10 -11 12 13 14 15 -16 17 18 -19 -20 0
uf20-0195 10587 1 2 3 4 5 -6 7 8 9 10 11 12 13 -14 15 16 17 18 -19 20 0
uf20-0196 10853 1 2 3 4 5 6 7 -8 9 10 -11 12 13 14 15 16 -17 -18 19 20 0
uf20-0197 9654 1 2 3 -4 -5 -6 -7 8 -9 10 -11 12 13 14 15 16 -17 18 19 20 0
uf20-0198 9581 1 2 3 4 5 -6 7 -8 -9 10 11 12 13 -14 15 16 17 18 19 20 0
uf20-0199 8995 1 2 3 -4 5 6 7 8 9 10 11 12 13 14 15 16 17 -18 19 20 0
uf20-019 9283 1 2 3 4 5 -6 7 8 -9 10 11 12 13 14 -15 16 -17 18 19 -20 0
uf20-01 10690 1 2 3 4 -5 6 7 8 9 10 11 12 -13 14 -15 16 17 18 19 20 0
uf20-0200 10633 -1 2 3 4 5 -6 7 8 -9 10 -11 12 13 14 -15 -16 17 -18 -19 -20 0
uf20-0201 11028 1 2 3 4 5 6 7 -8 -9 10 -11 12 -13 14 15 16 17 -18 19 20 0
uf20-0202 11236 1 2 3 4 5 6 -7 -8 9 10 11 12 13 14 -15 16 17 18 19 20 0
uf20-0203 9659 1 -2 -3 4 5 6 7 8 9 10 11 12 13 14 15 -16 -17 18 19 20 0
uf20-0204 9640 -1 2 3 4 5 6 7 8 9 10 11 -12 13 14 -15 16 -17 18 19 -20 0
uf20-0205 10188 -1 2 -3 4 5 6 7 -8 9 -10 -11 12 -13 14 15 16 -17 18 19 -20 0
uf20-0206 9095 1 2 3 4 5 6 7 8 -9 10 11 12 13 14 15 -16 17 18 19 20 0
uf20-0207 10773 1 2 3 4 5 -6 7 8 9 -10 11 12 13 14 15 16 -17 18 -19 20 0
uf20-0208 9632 1 2 -3 -4 5 6 -7 8 9 10 11 12 13 14 15 16 17 18 19 20 0
uf20-0209 8949 1 2 3 4 -5 6 7 8 9 10 11 12 -13 14 15 16 17 18 19 20 0
uf20-020 9666 1 2 3 4 5 6 7 8 -9 -10 11 -12 13 14 15 16 -17 18 19 20 0
uf20-0210 11651 1 -2 -3 4 5 6 7 8 9 10 11 12 13 14 15 -16 -17 -18 19 -20 0
uf20-0211 9651 1 2 3 4 5 6 7 8 -9 -10 11 12 13 -14 15 16 17 -18 19 20 0
uf20-0212 9763 1 2 3 4 -5 6 7 8 9 10 11 -12 13 14 15 16 17 18 -19 -20 0
uf20-0213 10388 1 2 3 -4 5 6 -7 8 9 -10 11 12 13 14 15 16 17 -18 19 -20 0
uf20-0214 10356 1 -2 -3 4 5 6 -7 8 9 10 11 12 13 14 15 -16 17 18 19 20 0
uf20-0215 11050 1 2 3 4 5 -6 7 8 9 10 11 -12 13 -14 15 -16 17 18 19 20 0
uf20-0216 12301 -1 2 -3 -4 5 6 -7 -8 9 -10 11 -12 -13 14 15 16 17 18 19 20 0
uf20-0217 10325 1 2 -3 4 5 6 -7 8 9 -10 11 12 13 14 15 16 17 18 19 20 0
uf20-0218 10830 -1 2 3 -4 5 6 7 8 9 10 11 12 13 14 -15 -16 17 18 -19 20 0
uf20-0219 11867 1 2 3 4 -5 6 7 -8 9 10 11 -12 13 14 15 16 17 18 -19 20 0
uf20-021 9513 1 2 3 -4 -5 6 7 8 9 -10 11 12 13 14 15 16 17 18 19 -20 0
uf20-0220 11879 1 2 3 4 -5 6 7 8 9 10 -11 12 13 14 15 -16 17 -18 -19 20 0
uf20-0221 9711 -1 2 3 4 5 -6 7 8 9 -10 11 12 13 14 15 16 17 18 19 20 0
uf20-0222 8683 1 2 3 4 5 6 7 8 -9 10 11 12 13 14 15 16 17 -18 19 20 0
uf20-0223 8992 -1 2 3 4 5 6 7 8 9 -10 -11 12 13 14 15 16 17 18 19 20 0
uf20-0224 9726 1 2 3 4 5 6 7 -8 9 -10 11 12 -13 -14 -15 16 17 18 19 20 0
uf20-0225 9893 1 2 -3 4 -5 6 -7 8 9 10 -11 -12 -13 14 15 16 17 18 19 20 0
uf20-0226 10656 -1 -2 3 4 5 6 7 8 9 10 -11 12 13 14 -15 16 17 18 19 -20 0
uf20-0227 10349 1 2 3 4 5 6 7 8 9 -10 -11 12 13 14 15 16 17 18 19 20 0
uf20-0228 12271 1 2 3 4 5 6 7 8 9 -10 11 12 -13 -14 -15 16 -17 18 19 20 0
uf20-0229 10252 1 2 3 4 5 6 7 8 9 10 11 -12 13 14 15 -16 17 18 19 20 0
uf20-022 10510 -1 2 -3 4 -5 -6 7 8 9 10 11 12 13 14 15 16 17 -18 19 20 0
uf20-0230 12264 1 2 3 4 -5 6 7 8 9 -10 11 12 13 14 -15 16 -17 18 19 20 0
uf20-0231 11807 -1 -2 3 4 5 6 -7 8 9 10 11 12 13 14 -15 16 17 -18 19 20 0
uf20-0232 3518 1 2 -3 -4 5 6 7 8 9 10 -11 12 13 -14 15 16 17 18 19 20 0
uf20-0233 3118 1 2 3 4 5 -6 7 8 9 -10 11 12 -13 -14 15 16 17 18 19 -20 0
uf20-0234 3400 1 -2 3 4 5 6 -7 -8 9 10 11 12 -13 14 15 16 17 18 -19 20 0
uf20-0235 3883 1 2 3 4 5 6 7 8 -9 10 11 12 -13 14 15 16 17 18 19 20 0
uf20-0236 3553 1 -2 3 4 5 -6 7 -8 9 10 11 12 -13 -14 15 16 -17 18 -19 20 0
uf20-0237 3329 1 -2 -3 4 5 6 -7 8 9 -10 -11 12 13 -14 15 16 -17 18 19 20 0
uf20-0238 3571 1 2 3 4 -5 6 -7 8 9 10 11 12 13 -14 15 16 17 18 19 20 0
uf20-0239 3708 1 2 3 4 5 6 7 8 -9 10 11 12 -13 14 15 16 -17 18 19 20 0
uf20-023 4268 1 2 3 4 -5 6 7 8 9 10 11 12 13 14 -15 -16 17 18 19 20 0
uf20-0240 3847 1 2 -3 4 5 6 7 8 9 -10 11 -12 -13 14 15 16 17 -18 19 20 0
uf20-0241 3750 -1 2 3 4 5 6 -7 8 9 10 11 12 -13 14 15 -16 17 18 -19 20 0
uf20-0242 3355 1 2 3 4 -5 6 7 8 -9 10 -11 12 13 14 15 16 -17 18 19 -20 0
uf20-0243 4531 1 2 -3 -4 5 6 7 8 9 10 11 -12 13 -14 15 16 17 18 19 20 0
uf20-0244 3903 1 2 3 4 5 -6 7 8 9 10 11 12 13 -14 15 16 17 18 -19 -20 0
uf20-0245 3342 1 2 3 4 -5 6 -7 8 9 10 -11 -12 13 -14 15 16 -17 -18 19 -20 0
uf20-0246 3798 -1 -2 3 4 5 6 7 8 9 -10 11 -12 13 14 -15 16 17 18 19 -20 0
uf20-0247 3772 1 -2 3 -4 5 -6 7 -8 -9 10 -11 12 13 14 15 16 17 18 -19 20 0
uf20-0248 3598 -1 2 3 -4 -5 6 7 8 9 -10 11 12 13 14 15 16 17 18 19 20 0
uf20-0249 3939 1 2 -3 -4 5 6 7 8 -9 10 11 12 13 14 15 16 -17 18 19 20 0
uf20-024 3746 -1 -2 3 -4 -5 6 -7 8 9 10 11 -12 13 -14 15 16 17 18 19 20 0
uf20-0250 3358 1 2 3 4 -5 6 7 8 9 10 11 12 13 14 15 16 17 18 -19 20 0
uf20-0251 3488 1 -2 3 -4 5 6 7 8 -9 10 11 12 13 14 15 16 17 18 19 -20 0
uf20-0252 3590 1 2 3 -4 5 6 7 8 9 10 11 12 13 -14 -15 16 -17 18 -19 20 0
uf20-0253 3586 1 2 3 -4 5 -6 7 8 9 10 11 12 13 -14 15 16 17 -18 19 -20 0
uf20-0254 3255 1 -2 3 4 5 6 7 8 9 -10 11 12 13 14 15 -16 -17 18 19 20 0
uf20-0255 3092 1 2 3 4 5 6 -7 8 -9 -10 -11 12 13 -14 15 16 17 18 19 20 0
uf20-0256 3649 -1 -2 3 4 5 6 7 8 9 10 11 12 13 14 -15 16 17 18 19 20 0
uf20-0257 3431 1 -2 3 4 5 6 7 8 9 10 11 12 13 14 15 -16 17 -18 -19 20 0
uf20-0258 3598 1 -2 3 4 5 -6 7 8 9 10 11 12 13 14 -15 16 17 18 19 20 0
uf20-0259 3231 1 2 3 -4 5 -6 7 8 9 10 11 12 13 14 15 -16 -17 18 -19 20 0
uf20-025 3762 1 2 3 4 5 -6 7 8 9 10 11 -12 -13 14 15 16 17 18 19 20 0
uf20-0260 3190 1 2 3 4 5 6 -7 -8 9 10 11 -12 13 -14 15 -16 -17 -18 19 20 0
uf20-0261 3363 -1 2 -3 4 5 6 7 8 9 10 -11 12 13 14 15 16 17 18 -19 20 0
uf20-0262 3853 1 2 3 4 -5 6 7 8 9 -10 -11 12 13 14 15 16 17 -18 19 20 0
uf20-0263 3621 1 2 3 4 5 6 -7 8 9 10 11 12 -13 14 15 16 17 18 19 20 0
uf20-0264 3772 1 2 -3 4 -5 6 7 8 9 10 -11 -12 13 14 15 -16 -17 18 -19 20 0
uf20-0265 3489 1 2 3 4 5 6 7 8 9 -10 11 12 13 14 15 16 17 18 19 20 0
uf20-0266 3151 1 2 3 4 5 6 7 8 9 10 11 12 13 -14 15 -16 17 -18 19 20 0
uf20-0267 3490 1 -2 3 4 5 6 7 -8 9 -10 11 12 13 14 -15 16 17 18 19 20 0
uf20-0268 3771 1 2 3 4 5 6 7 8 9 10 -11 12 13 14 15 16 17 18 -19 20 0
uf20-0269 3974 -1 2 3 4 5 -6 -7 8 9 10 11 -12 13 14 -15 16 17 18 19 20 0
uf20-026 3200 1 2 -3 4 5 6 7 -8 9 10 -11 -12 13 14 15 16 17 18 19 -20 0
uf20-0270 3253 1 -2 3 4 5 6 7 8 9 -10 11 12 13 14 15 16 17 18 19 20 0
uf20-0271 3986 -1 -2 3 4 -5 6 7 8 9 10 11 12 13 14 15 16 17 18 19 20 0
uf20-0272 4237 -1 -2 3 4 -5 6 7 -8 -9 10 11 12 13 14 -15 16 17 -18 19 20 0
uf20-0273 3735 1 2 3 4 5 6 7 -8 -9 -10 11 12 -13 -14 15 16 17 18 -19 20 0
uf20-0274 3373 1 2 3 4 5 6 -7 8 9 -10 -11 -12 13 14 15 16 17 18 19 20 0
uf20-0275 4407 1 2 3 4 5 6 7 8 9 10 11 12 13 -14 15 16 -17 -18 -19 -20 0
uf20-0276 3214 -1 -2 3 4 -5 6 7 8 9 10 11 12 13 -14 15 16 17 18 19 20 0
uf20-0277 3380 -1 2 -3 4 -5 6 7 8 9 10 -11 12 -13 14 15 -16 17 18 19 20 0
uf20-0278 3484 1 -2 3 4 -5 6 7 8 -9 -10 11 12 13 -14 15 16 17 18 19 -20 0
uf20-0279 3339 1 2 3 4 -5 6 7 8 9 10 11 -12 13 14 15 -16 17 18 19 20 0
uf20-027 3499 1 2 -3 -4 5 6 7 -8 9 10 11 12 13 -14 15 16 17 18 19 20 0
uf20-0280 3827 -1 2 3 -4 5 6 7 8 9 10 11 12 13 14 15 16 17 -18 19 20 0
uf20-0281 3995 1 2 3 4 5 6 7 8 9 10 11 -12 13 -14 15 16 17 18 19 -20 0
uf20-0282 4091 -1 2 3 4 5 6 7 8 9 -10 -11 -12 13 14 15 16 17 18 19 20 0
uf20-0283 4083 1 2 3 4 -5 6 7 8 9 10 11 12 13 14 15 16 17 18 19 20 0
uf20-0284 3804 1 2 3 -4 5 6 -7 -8 9 10 -11 -12 13 -14 15 16 17 18 19 -20 0
uf20-0285 3369 1 -2 3 4 5 -6 7 8 9 10 11 12 -13 14 15 16 -17 -18 19 20 0
uf20-0286 3881 1 2 3 4 5 6 7 -8 -9 -10 11 12 13 14 15 16 17 -18 -19 20 0
uf20-0287 3382 -1 2 3 -4 5 6 7 8 9 10 11 12 13 14 -15 -16 17 18 19 20 0
uf20-0288 3472 1 2 3 -4 5 6 -7 8 9 10 11 12 13 -14 15 16 -17 18 19 20 0
uf20-0289 3643 1 2 -3 4 5 -6 -7 8 -9 10 -11 12 13 14 15 16 17 18 19 20 0
uf20-028 3498 1 2 3 4 5 6 -7 -8 9 10 -11 12 13 -14 -15 16 17 -18 19 20 0
uf20-0290 3304 1 2 -3 4 -5 6 7 8 9 10 11 12 -13 -14 15 16 -17 18 19 20 0
uf20-0291 3052 1 2 3 4 5 6 7 8 9 10 11 12 -13 14 15 16 17 18 19 20 0
uf20-0292 3364 1 -2 3 -4 5 6 -7 8 9 -10 11 12 13 14 15 16 17 18 19 20 0
uf20-0293 3295 -1 2 -3 4 5 6 7 8 9 10 11 12 13 14 15 16 17 -18 19 20 0
uf20-0294 3088 1 2 3 4 5 6 7 -8 -9 10 11 12 13 14 -15 16 17 -18 -19 20 0
uf20-0295 3630 1 2 3 -4 5 6 7 -8 -9 10 11 12 -13 14 15 16 17 -18 19 20 0
uf20-0296 3427 1 -2 -3 4 -5 6 7 8 -9 10 11 12 13 -14 15 16 17 18 19 20 0
uf20-0297 3514 1 2 3 4 5 -6 7 8 -9 10 11 12 -13 -14 15 -16 -17 18 19 -20 0
uf20-0298 3351 1 2 -3 4 5 6 7 8 9 -10 11 -12 13 14 15 -16 17 18 19 20 0
uf20-0299 3885 1 -2 3 4 -5 6 7 8 9 10 11 -12 13 14 15 16 -17 18 -19 20 0
uf20-029 3356 -1 2 -3 4 5 -6 7 -8 9 10 11 12 13 -14 15 16 -17 18 19 20 0
uf20-02 4071 -1 2 3 4 5 6 7 8 -9 10 11 12 13 14 15 16 -17 -18 19 -20 0
uf20-0300 3716 1 2 3 4 5 6 7 8 9 10 -11 12 13 14 15 16 17 -18 19 20 0
uf20-0301 3473 1 2 -3 4 5 6 7 -8 9 10 -11 12 13 -14 15 16 17 18 19 20 0
uf20-0302 3482 1 2 3 4 5 6 7 8 9 10 11 12 13 -14 -15 16 17 18 19 20 0
uf20-0303 3483 -1 2 -3 4 -5 -6 7 8 9 10 11 -12 13 -14 -15 -16 17 18 19 -20 0
uf20-0304 4015 -1 2 -3 4 -5 6 -7 -8 9 10 11 12 13 14 15 16 17 -18 19 20 0
uf20-0305 3467 1 2 3 4 -5 6 7 8 9 10 11 -12 13 14 15 -16 17 18 19 20 0
uf20-0306 3627 -1 2 -3 4 -5 6 7 8 9 -10 11 12 -13 14 15 16 -17 18 19 -20 0
uf20-0307 3710 1 2 -3 4 -5 6 7 8 9 10 11 -12 13 14 15 -16 17 18 19 20 0
uf20-0308 3402 1 2 3 -4 5 6 7 8 9 10 11 12 13 -14 15 16 17 -18 -19 20 0
uf20-0309 3682 1 2 3 4 5 -6 7 -8 -9 -10 11 12 13 14 15 16 17 -18 -19 20 0
uf20-030 3231 1 2 3 4 -5 6 7 8 9 -10 11 12 -13 14 15 -16 17 18 19 -20 0
uf20-0310 3460 1 2 3 4 5 6 7 8 -9 10 11 12 13 14 15 -16 -17 -18 19 -20 0
uf20-0311 3676 1 2 3 4 5 -6 7 -8 9 10 11 12 13 14 -15 16 17 18 -19 20 0
uf20-0312 3031 1 2 -3 4 5 6 7 8 9 10 -11 12 13 -14 -15 -16 -17 18 19 20 0
uf20-0313 3484 1 2 -3 4 -5 -6 7 8 9 10 11 12 13 -14 15 16 -17 -18 19 -20 0
uf20-0314 3324 1 2 3 4 5 6 -7 -8 9 10 11 -12 13 14 15 16 17 18 19 20 0
uf20-0315 3458 1 2 3 -4 5 6 7 8 9 -10 11 12 13 14 15 16 17 18 -19 20 0
uf20-0316 3371 1 2 -3 -4 -5 6 7 -8 9 -10 11 12 13 -14 15 16 17 18 -19 -20 0
uf20-0317 3395 1 -2 -3 -4 5 -6 7 8 -9 10 11 -12 13 14 15 -16 -17 18 19 20 0
uf20-0318 3223 1 2 3 4 5 6 -7 8 9 10 11 12 13 14 15 16 17 -18 19 20 0
uf20-0319 3680 1 2 -3 -4 5 6 7 8 9 10 11 12 13 14 15 16 17 18 19 20 0
uf20-031 3869 1 2 3 4 5 6 -7 8 9 10 11 12 13 -14 15 16 17 -18 -19 -20 0
uf20-0320 3364 1 2 -3 4 5 -6 7 8 9 -10 11 12 -13 -14 15 16 17 18 19 20 0
uf20-0321 4028 1 -2 3 4 5 6 -7 -8 9 10 11 12 13 -14 -15 16 17 18 19 20 0
uf20-0322 3353 1 -2 3 -4 5 6 7 8 9 10 11 12 13 14 -15 16 17 18 19 -20 0
uf20-0323 5387 -1 2 3 -4 5 -6 7 8 9 10 -11 -12 13 14 15 16 17 18 19 20 0
uf20-0324 3635 1 -2 3 4 5 -6 7 8 9 10 11 -12 13 14 15 16 -17 -18 19 20 0
uf20-0325 3370 1 2 -3 4 5 6 7 8 9 -10 11 12 13 14 15 16 17 18 19 20 0
uf20-0326 3396 1 2 3 4 -5 6 7 8 9 -10 -11 12 13 14 15 -16 17 -18 19 20 0
uf20-0327 3981 1 2 3 4 5 6 7 8 9 10 -11 -12 13 14 15 16 -17 18 19 20 0
uf20-0328 3759 1 -2 -3 -4 5 -6 7 8 -9 10 11 12 13 -14 15 -16 17 18 19 20 0
uf20-0329 3696 1 2 -3 4 5 6 -7 8 9 10 -11 -12 13 14 -15 16 -17 18 19 -20 0
uf20-032 3408 1 2 3 4 5 6 7 -8 -9 10 11 12 13 -14 15 16 17 18 19 20 0
uf20-0330 3876 1 2 -3 4 5 -6 7 -8 9 10 11 12 13 14 -15 16 -17 18 -19 20 0
uf20-0331 3442 1 -2 3 4 5 6 7 8 9 10 11 -12 13 14 15 -16 17 18 -19 20 0
uf20-0332 3953 1 -2 3 -4 5 6 7 8 9 10 11 12 -13 14 -15 -16 17 18 19 20 0
uf20-0333 3694 -1 2 3 4 5 6 -7 -8 9 10 11 12 13 14 15 16 17 18 19 20 0
uf20-0334 3580 -1 2 3 4 -5 6 -7 -8 9 -10 11 12 13 14 -15 16 -17 18 19 20 0
uf20-0335 3264 -1 -2 3 4 5 6 7 8 -9 10 11 12 -13 -14 15 16 17 -18 19 20 0
uf20-0336 4636 1 2 3 -4 -5 6 -7 -8 9 10 11 12 13 14 -15 16 17 18 19 -20 0
uf20-0337 4166 1 2 3 4 5 6 7 8 -9 -10 -11 12 13 14 15 16 17 18 19 20 0
uf20-0338 3883 1 -2 3 4 5 -6 7 -8 9 10 11 12 13 14 15 16 -17 18 -19 20 0
uf20-0339 3411 -1 2 3 4 5 6 7 8 9 10 11 12 13 14 15 16 -17 18 19 20 0
uf20-033 3554 1 2 -3 -4 5 6 7 -8 -9 10 -11 12 -13 14 15 16 17 18 19 -20 0
uf20-0340 3602 1 2 3 4 5 6 7 8 9 10 11 12 -13 -14 15 16 17 18 19 20 0
uf20-0341 3835 1 2 3 4 5 6 7 8 9 10 -11 12 13 14 -15 16 17 18 19 20 0
uf20-0342 3706 1 2 3 4 5 6 7 8 9 -10 11 12 -13 -14 15 16 17 -18 19 20 0
uf20-0343 3364 -1 2 3 4 5 6 7 8 9 10 -11 12 -13 -14 15 16 17 -18 19 -20 0
uf20-0344 3351 1 2 3 -4 -5 6 7 -8 -9 10 11 12 13 14 15 -16 17 18 -19 20 0
uf20-0345 3367 1 2 3 4 -5 -6 7 8 -9 10 11 12 13 14 -15 16 17 18 19 20 0
uf20-0346 3390 1 2 -3 4 5 6 -7 8 9 10 -11 12 13 14 15 16 17 18 -19 20 0
uf20-0347 3635 1 2 3 4 -5 6 7 8 9 10 -11 12 13 14 -15 16 17 18 -19 20 0
uf20-0348 3359 1 2 3 4 5 -6 7 8 9 10 -11 12 13 14 15 16 17 18 19 20 0
uf20-0349 3603 1 -2 -3 4 5 6 -7 8 9 10 11 12 -13 -14 15 -16 17 18 19 20 0
uf20-034 3358 1 2 3 4 5 -6 7 8 9 10 11 12 13 -14 15 16 17 18 19 -20 0
uf20-0350 4003 1 2 -3 -4 5 6 7 8 9 -10 11 -12 13 -14 -15 16 17 18 19 20 0
uf20-0351 3407 1 2 -3 4 5 6 7 8 9 -10 -11 12 13 14 15 16 17 18 19 20 0
uf20-0352 3425 1 2 3 4 5 6 -7 8 9 10 -11 -12 13 14 15 16 -17 18 19 20 0
uf20-0353 3513 1 2 3 4 5 -6 7 8 9 10 11 12 13 14 15 16 17 18 19 20 0
uf20-0354 4606 1 -2 3 -4 5 6 7 8 -9 -10 11 12 13 14 15 16 17 18 19 20 0
uf20-0355 3519 1 2 3 4 5 6 7 8 9 10 11 12 13 -14 15 16 17 -18 19 20 0
uf20-0356 3157 1 2 3 4 5 6 7 8 9 10 -11 -12 13 14 15 16 17 18 19 20 0
uf20-0357 3500 -1 2 3 -4 -5 6 7 -8 9 10 11 12 13 14 -15 16 17 18 19 20 0
uf20-0358 3603 1 2 3 4 5 6 -7 8 9 10 11 12 13 14 15 16 17 18 19 20 0
uf20-0359 3359 -1 2 -3 4 5 6 7 8 9 10 -11 12 13 -14 -15 16 -17 18 19 20 0
uf20-035 2544 1 2 3 -4 5 6 -7 8 9 10 11 12 -13 14 -15 16 17 18 19 20 0
uf20-0360 3539 1 2 3 4 5 6 7 -8 9 10 11 12 -13 -14 -15 16 17 -18 19 20 0
uf20-0361 3728 -1 2 3 4 5 6 -7 8 9 10 11 12 -13 14 15 -16 17 18 19 20 0
uf20-0362 3350 1 2 3 -4 5 6 7 -8 9 10 -11 12 13 14 -15 -16 17 -18 19 20 0
uf20-0363 3123 1 2 3 4 5 -6 7 8 9 10 11 12 13 14 15 16 17 -18 19 20 0
uf20-0364 3443 1 2 3 4 5 6 7 8 -9 10 -11 -12 13 14 15 16 17 -18 19 -20 0
uf20-0365 3811 -1 2 -3 4 5 6 7 8 9 10 11 12 -13 14 15 16 -17 18 -19 20 0
uf20-0366 3165 1 2 3 4 -5 6 7 8 9 10 -11 -12 13 14 15 16 17 18 19 -20 0
uf20-0367 3644 -1 -2 3 4 5 6 -7 8 9 10 11 -12 13 14 15 16 17 18 -19 -20 0
uf20-0368 3674 -1 -2 3 4 -5 6 7 8 9 10 11 12 13 14 15 16 17 18 19 20 0
uf20-0369 3606 1 2 3 4 -5 -6 7 8 9 10 -11 12 13 14 15 16 17 -18 19 -20 0
uf20-036 3688 1 2 3 4 5 -6 -7 8 9 10 11 12 13 14 15 16 17 18 19 -20 0
uf20-0370 4146 1 -2 3 4 -5 6 7 8 9 10 11 -12 13 14 15 -16 -17 18 -19 20 0
uf20-0371 3872 1 -2 -3 4 5 -6 7 -8 9 10 11 12 13 -14 -15 16 17 18 19 20 0
uf20-0372 4233 1 2 -3 4 -5 6 -7 8 9 10 11 12 13 14 15 16 17 -18 19 20 0
uf20-0373 4612 1 -2 3 4 -5 -6 7 8 9 -10 11 12 13 -14 15 16 -17 18 19 20 0
uf20-0374 3354 -1 -2 3 -4 5 6 -7 -8 9 10 11 12 13 -14 15 -16 -17 -18 19 -20 0
uf20-0375 3901 1 -2 -3 4 -5 6 7 -8 9 10 11 -12 13 -14 15 16 17 -18 -19 20 0
uf20-0376 3546 1 2 3 4 5 6 7 8 -9 -10 11 12 13 14 -15 16 17 18 19 -20 0
uf20-0377 3571 1 2 3 4 5 6 7 -8 9 10 11 12 13 14 15 16 17 18 19 20 0
uf20-0378 3465 1 2 3 4 5 6 7 -8 9 10 11 12 13 14 15 -16 -17 18 -19 20 0
uf20-0379 3420 1 2 3 4 5 6 7 8 9 10 -11 12 13 14 15 16 17 -18 19 -20 0
uf20-037 3173 -1 2 -3 4 -5 6 7 8 9 10 -11 12 13 14 -15 16 17 18 -19 20 0
uf20-0380 4133 1 2 3 4 5 6 -7 8 9 10 11 -12 13 -14 15 16 17 18 -19 20 0
uf20-0381 3805 1 2 3 -4 5 6 7 -8 9 -10 11 12 13 14 15 16 -17 18 19 20 0
uf20-0382 3780 1 2 -3 4 5 6 7 -8 -9 10 -11 12 -13 14 15 16 17 18 19 20 0
uf20-0383 3721 -1 -2 3 4 5 6 -7 -8 9 -10 11 -12 13 14 15 16 17 18 19 20 0
uf20-0384 4173 -1 2 3 4 5 6 7 8 9 10 11 -12 13 -14 -15 16 17 18 19 20 0
uf20-0385 3786 1 -2 3 4 5 6 -7 8 9 10 -11 12 13 14 -15 16 17 18 19 20 0
uf20-0386 3466 1 -2 3 4 5 -6 7 8 9 10 11 12 13 14 15 16 17 18 19 20 0
uf20-0387 5222 1 -2 3 4 -5 6 7 -8 9 10 -11 12 -13 14 15 -16 17 18 19 20 0
uf20-0388 3367 1 2 3 4 5 6 -7 8 9 -10 11 12 13 14 15 -16 -17 18 19 20 0
uf20-0389 3796 1 -2 3 -4 5 6 -7 8 9 10 11 12 -13 14 15 -16 17 18 19 20 0
uf20-038 3713 1 2 3 -4 5 -6 7 8 -9 -10 -11 12 13 14 15 16 17 -18 19 20 0
uf20-0390 3790 1 2 3 4 5 6 7 8 9 10 -11 12 13 14 -15 -16 17 18 19 -20 0
uf20-0391 3447 -1 -2 3 -4 5 6 7 -8 -9 10 11 -12 13 14 15 16 17 18 -19 20 0
uf20-0392 3869 1 2 -3 4 5 6 7 8 9 10 11 -12 13 14 15 -16 17 18 19 20 0
uf20-0393 3454 1 2 3 4 5 6 7 8 9 10 11 12 13 14 15 16 -17 18 -19 -20 0
uf20-0394 3521 -1 2 3 -4 -5 -6 -7 8 -9 10 11 12 -13 14 15 16 17 -18 19 -20 0
uf20-0395 3821 1 2 3 4 5 6 7 8 9 10 -11 12 13 14 15 16 17 18 19 20 0
uf20-0396 3963 1 2 3 4 5 6 7 -8 9 10 11 12 -13 14 -15 16 17 18 -19 20 0
uf20-0397 4053 1 2 3 -4 5 6 -7 8 -9 10 11 12 13 -14 15 -16 17 18 19 20 0
uf20-0398 3622 1 2 3 4 5 6 7 8 9 10 11 12 13 -14 15 -16 17 18 19 20 0
uf20-0399 3591 1 2 -3 4 -5 6 7 8 9 -10 11 12 13 14 15 16 -17 18 19 20 0
uf20-039 3612 1 2 3 -4 5 6 -7 -8 9 10 -11 12 13 14 15 -16 17 18 19 -20 0
uf20-03 4077 1 2 3 4 5 6 7 8 9 10 11 -12 -13 14 15 16 17 -18 -19 20 0
uf20-0400 3676 -1 2 3 4 5 6 7 -8 9 10 -11 12 13 14 15 16 17 18 19 20 0
uf20-0401 3582 1 2 3 -4 5 -6 7 8 9 10 11 12 13 14 15 16 17 18 19 20 0
uf20-0402 3671 -1 -2 3 -4 5 -6 7 8 9 -10 -11 12 13 14 15 16 -17 18 19 20 0
uf20-0403 3405 1 2 3 4 5 6 7 8 9 10 11 12 13 14 15 -16 17 -18 19 20 0
uf20-0404 4391 1 -2 -3 4 5 6 7 8 -9 10 11 12 13 14 15 16 17 18 19 -20 0
uf20-0405 5257 1 2 3 4 5 6 7 -8 9 10 -11 -12 13 14 15 16 17 18 19 -20 0
uf20-0406 4274 -1 2 3 4 -5 6 7 8 9 10 11 12 -13 -14 15 16 17 18 19 20 0
uf20-0407 4405 -1 2 3 4 5 6 7 8 9 10 11 12 13 14 -15 -16 17 18 19 -20 0
uf20-0408 3539 1 2 3 4 5 6 7 8 9 -10 11 12 13 14 15 16 17 18 19 20 0
uf20-0409 3346 1 2 -3 4 5 -6 7 8 9 -10 11 12 -13 14 -15 -16 17 18 -19 20 0
uf20-040 3633 1 -2 3 4 5 6 -7 -8 -9 10 11 -12 -13 14 15 16 -17 18 -19 20 0
uf20-0410 3395 1 2 3 4 5 6 7 -8 9 10 11 12 13 14 15 16 17 -18 19 20 0
uf20-0411 3437 1 2 3 4 -5 -6 7 8 9 10 11 12 13 14 15 16 17 -18 19 20 0
uf20-0412 3792 1 2 3 4 5 6 -7 8 9 -10 11 12 13 14 15 -16 17 18 19 20 0
uf20-0413 3559 1 2 3 4 5 6 7 8 9 10 11 -12 13 14 15 16 17 18 19 -20 0
uf20-0414 3147 1 2 -3 4 5 6 7 -8 9 -10 11 -12 13 14 15 16 17 18 19 20 0
uf20-0415 3944 1 2 3 4 -5 6 7 8 9 10 11 12 13 -14 15 -16 -17 -18 -19 -20 0
uf20-0416 3515 1 2 3 4 5 6 7 8 9 10 -11 12 -13 14 -15 16 17 18 19 20 0
uf20-0417 3857 1 -2 3 4 5 6 7 8 9 10 -11 12 13 -14 15 16 17 18 19 20 0
uf20-0418 3608 -1 2 3 4 5 6 7 8 9 10 -11 12 13 14 15 -16 17 18 19 20 0
uf20-0419 3622 1 -2 3 4 5 -6 -7 8 9 10 11 -12 13 14 -15 16 -17 18 -19 20 0
uf20-041 3641 -1 2 -3 4 5 6 7 8 9 10 11 12 13 14 15 16 17 18 19 20 0
uf20-0420 3986 1 2 3 -4 5 6 -7 8 9 10 11 -12 13 14 15 16 17 18 19 20 0
uf20-0421 4267 1 2 -3 -4 5 6 -7 8 9 10 -11 12 13 14 -15 16 17 18 19 20 0
uf20-0422 3030 1 2 3 4 5 6 7 8 9 10 -11 12 13 14 15 16 17 18 19 -20 0
uf20-0423 3679 -1 2 3 -4 5 6 7 8 9 10 11 12 13 14 15 16 17 -18 -19 -20 0
uf20-0424 3475 1 2 3 4 -5 6 7 8 -9 -10 11 -12 13 14 15 16 -17 18 19 20 0
uf20-0425 4307 1 2 3 4 -5 6 -7 8 -9 10 11 12 13 14 15 16 17 18 19 20 0
uf20-0426 3820 1 -2 3 -4 5 6 7 8 9 -10 11 12 -13 -14 15 16 17 18 19 20 0
uf20-0427 4071 1 2 3 4 5 -6 7 8 9 10 11 12 -13 14 15 16 17 -18 19 -20 0
uf20-0428 3909 1 2 3 4 -5 -6 7 8 9 -10 11 -12 13 -14 15 16 17 18 -19 20 0
uf20-0429 3492 1 2 3 4 5 6 7 8 9 10 11 -12 13 14 15 16 -17 18 19 20 0
uf20-042 3733 1 2 -3 4 5 6 7 8 -9 10 11 12 13 -14 -15 16 17 18 19 20 0
uf20-0430 5652 1 2 -3 -4 5 6 7 8 9 10 11 12 13 14 15 16 17 18 19 20 0
uf20-0431 3991 1 2 3 4 5 6 7 8 -9 10 11 -12 13 14 15 16 -17 18 19 -20 0
uf20-0432 3334 1 2 3 4 -5 6 7 8 9 -10 11 12 13 14 15 16 17 18 -19 -20 0
uf20-0433 3680 1 2 3 4 -5 -6 -7 -8 9 10 11 12 13 -14 15 -16 17 18 19 -20 0
uf20-0434 3562 1 2 -3 4 -5 6 7 8 -9 10 11 12 13 14 15 -16 17 18 19 20 0
uf20-0435 3819 1 2 3 4 5 6 7 -8 9 -10 -11 12 -13 14 15 16 17 18 19 20 0
uf20-0436 3903 1 2 3 -4 -5 -6 7 8 9 10 11 12 13 14 15 16 17 18 19 20 0
uf20-0437 4339 1 -2 3 4 5 6 -7 8 9 10 11 12 -13 -14 15 16 -17 18 19 20 0
uf20-0438 3929 1 -2 3 4 5 6 7 -8 9 -10 -11 12 13 14 15 16 17 18 -19 -20 0
uf20-0439 3889 1 2 3 4 5 -6 7 -8 -9 10 11 12 13 14 15 16 -17 18 19 20 0
uf20-043 4503 -1 2 3 4 -5 6 -7 8 -9 10 -11 12 -13 14 -15 16 -17 18 19 20 0
uf20-0440 3777 1 2 3 4 5 -6 7 8 -9 10 11 12 -13 -14 15 -16 17 -18 19 20 0
uf20-0441 3867 1 2 3 4 -5 6 7 -8 9 10 11 12 -13 14 15 16 17 18 19 -20 0
uf20-0442 4153 1 -2 3 -4 5 6 -7 8 9 10 11 12 13 -14 15 16 17 18 19 -20 0
uf20-0443 3942 1 2 3 -4 5 6 7 -8 -9 10 -11 -12 13 14 15 16 17 18 19 20 0
uf20-0444 4198 -1 2 3 4 5 6 -7 8 9 10 11 -12 13 14 15 -16 17 18 19 20 0
uf20-0445 3802 1 2 3 4 5 -6 -7 8 -9 10 -11 12 13 -14 15 16 17 18 19 20 0
uf20-0446 3943 1 2 -3 4 5 -6 -7 8 9 10 -11 12 13 14 15 16 17 18 19 20 0
uf20-0447 3659 1 -2 3 4 -5 6 -7 8 9 10 11 12 13 14 15 16 17 -18 19 20 0
uf20-0448 3037 1 2 3 4 5 -6 7 8 9 10 11 12 13 14 15 16 17 18 19 -20 0
uf20-0449 3321 -1 2 3 4 5 6 7 8 9 10 11 -12 13 -14 15 16 17 18 19 -20 0
uf20-044 3545 -1 2 3 4 5 6 7 -8 -9 -10 11 12 13 14 -15 -16 17 18 19 20 0
uf20-0450 4265 -1 2 3 -4 5 6 7 8 9 10 11 12 13 -14 15 16 17 -18 -19 -20 0
uf20-0451 3889 1 -2 -3 4 5 6 7 8 9 10 11 12 -13 14 15 16 17 18 -19 20 0
uf20-0452 3670 1 2 3 4 -5 6 -7 8 9 -10 -11 12 13 -14 15 -16 17 18 -19 20 0
uf20-0453 4132 1 -2 -3 4 -5 6 7 -8 9 -10 11 -12 13 14 15 16 17 18 19 -20 0
uf20-0454 4018 1 2 -3 -4 5 6 7 -8 9 10 11 12 13 14 15 16 17 18 19 -20 0
uf20-0455 3681 1 -2 -3 4 5 -6 -7 -8 -9 10 11 12 -13 14 15 16 17 18 -19 20 0
uf20-0456 3469 -1 2 3 4 5 6 7 8 9 10 11 12 13 14 15 16 -17 -18 19 20 0
uf20-0457 4186 1 2 -3 4 -5 6 7 8 9 10 11 12 13 14 15 16 17 18 -19 20 0
uf20-0458 3844 1 -2 -3 4 5 6 7 8 -9 10 11 -12 13 14 15 16 17 18 19 20 0
uf20-0459 3951 -1 2 3 4 -5 6 7 8 -9 10 11 12 13 14 -15 16 17 -18 -19 20 0
uf20-045 3890 1 2 -3 4 -5 6 -7 8 9 10 11 12 -13 14 15 16 17 18 19 20 0
uf20-0460 3628 1 2 3 4 5 6 7 8 -9 10 11 12 13 -14 15 -16 17 18 19 20 0
uf20-0461 3208 1 2 3 4 5 6 7 -8 9 10 -11 -12 -13 14 15 16 17 18 19 20 0
uf20-0462 3244 1 2 3 4 5 6 7 8 -9 10 11 -12 13 14 15 16 17 18 19 20 0
uf20-0463 4056 1 2 -3 -4 5 6 7 -8 9 10 11 12 13 14 15 16 17 18 -19 20 0
uf20-0464 3157 1 2 3 -4 5 -6 7 8 9 -10 11 12 -13 -14 15 -16 17 -18 19 20 0
uf20-0465 3688 -1 -2 -3 4 5 -6 -7 8 -9 10 11 12 13 14 -15 -16 17 18 -19 20 0
uf20-0466 3997 1 2 -3 4 5 -6 7 8 9 10 11 -12 -13 14 15 -16 -17 18 19 -20 0
uf20-0467 4173 1 2 3 4 5 -6 7 8 9 10 11 12 13 14 -15 16 -17 -18 19 20 0
uf20-0468 3667 1 -2 3 4 5 -6 7 -8 9 10 11 12 13 -14 15 16 17 -18 19 20 0
uf20-0469 3389 1 -2 -3 4 5 6 7 8 -9 -10 -11 12 13 14 15 -16 17 18 19 20 0
uf20-046 3925 1 2 -3 -4 5 6 7 -8 9 10 11 12 13 14 15 -16 17 18 19 20 0
uf20-0470 3962 1 2 3 4 5 6 7 -8 9 10 11 12 13 14 -15 16 -17 18 -19 20 0
uf20-0471 4056 1 2 3 -4 5 -6 7 8 9 10 11 12 -13 14 -15 -16 -17 18 19 20 0
uf20-0472 3654 1 2 3 4 5 -6 7 8 9 10 -11 12 13 14 15 -16 17 18 19 20 0
uf20-0473 3584 1 2 3 4 5 6 -7 8 9 10 -11 -12 13 14 -15 16 17 18 19 20 0
uf20-0474 3301 1 -2 -3 4 -5 6 7 8 9 10 11 12 13 14 -15 16 17 18 19 -20 0
uf20-0475 3974 1 2 3 4 5 -6 7 8 9 10 11 -12 13 14 15 -16 17 -18 19 20 0
uf20-0476 3849 -1 2 3 4 5 6 -7 8 -9 -10 11 12 13 14 15 16 17 18 19 20 0
uf20-0477 3099 1 -2 3 4 5 6 7 8 9 -10 -11 -12 13 14 -15 16 17 18 19 20 0
uf20-0478 3355 1 2 -3 -4 5 6 7 8 9 10 11 12 13 14 15 -16 -17 18 19 20 0
uf20-0479 3605 1 2 -3 -4 -5 6 7 8 -9 10 11 -12 13 14 15 16 17 18 19 20 0
uf20-047 3236 1 -2 3 4 5 -6 -7 8 -9 10 11 12 13 -14 -15 16 17 18 19 -20 0
uf20-0480 3790 1 2 3 4 5 6 7 8 9 -10 11 12 13 14 15 16 17 18 -19 20 0
uf20-0481 3151 1 2 3 4 -5 6 7 8 -9 10 -11 12 13 14 15 16 17 18 -19 -20 0
uf20-0482 3568 -1 2 3 -4 5 6 7 8 -9 10 11 12 13 14 15 -16 17 -18 -19 -20 0
uf20-0483 3675 -1 2 3 4 5 -6 7 8 9 -10 11 12 13 14 15 16 17 18 -19 20 0
uf20-0484 3901 1 2 3 4 5 6 7 8 -9 -10 -11 -12 13 14 15 16 17 -18 19 20 0
uf20-0485 4628 1 2 3 4 5 6 -7 8 9 -10 -11 12 13 14 15 16 17 18 19 20 0
uf20-0486 4721 1 -2 3 -4 5 6 7 -8 9 10 11 12 13 14 15 -16 17 18 19 20 0
uf20-0487 3491 1 2 3 4 5 6 -7 8 9 10 11 12 13 14 15 -16 17 18 19 20 0
uf20-0488 4005 1 2 3 4 5 -6 7 8 9 10 11 12 13 14 15 16 17 18 19 -20 0
uf20-0489 3483 1 2 3 4 5 6 7 8 -9 10 11 12 13 14 15 -16 17 -18 19 20 0
uf20-048 3377 1 -2 -3 4 5 6 7 8 -9 10 11 -12 13 14 15 16 17 18 19 20 0
uf20-0490 3294 1 2 3 4 5 6 7 8 9 10 11 12 13 14 -15 16 17 18 -19 20 0
uf20-0491 3832 1 2 3 -4 5 6 7 8 9 -10 11 12 13 14 15 16 17 18 19 20 0
uf20-0492 3477 1 2 3 4 5 6 7 -8 9 -10 11 12 -13 -14 15 16 17 18 19 20 0
uf20-0493 3713 1 -2 -3 4 5 6 7 8 9 -10 11 12 -13 14 15 16 17 18 19 20 0
uf20-0494 3820 1 2 -3 4 5 6 7 -8 9 10 -11 12 13 14 15 16 17 18 19 20 0
uf20-0495 3809 1 -2 3 4 5 6 7 -8 -9 10 11 12 -13 -14 15 16 17 18 19 20 0
uf20-0496 3317 1 -2 3 4 5 6 -7 8 -9 10 -11 12 13 14 15 16 17 18 19 20 0
uf20-0497 3571 1 2 -3 -4 5 -6 7 8 -9 -10 11 12 13 -14 15 16 17 -18 19 -20 0
uf20-0498 3554 1 2 3 4 5 6 7 -8 9 10 11 -12 13 14 15 16 17 -18 19 -20 0
uf20-0499 4205 1 2 3 4 5 6 7 8 9 10 11 12 13 14 15 16 17 18 19 20 0
uf20-049 3557 -1 -2 3 4 5 6 7 8 -9 -10 11 12 13 14 15 16 17 -18 19 20 0
uf20-04 3988 -1 -2 -3 4 -5 6 7 8 9 10 11 12 13 14 15 16 -17 18 19 20 0
uf20-0500 3898 -1 2 3 4 5 -6 -7 -8 9 10 11 -12 -13 14 15 16 17 18 19 -20 0
uf20-0501 3443 1 -2 3 -4 -5 6 -7 8 9 10 11 12 13 14 15 16 -17 18 19 20 0
uf20-0502 4188 1 2 3 4 5 6 7 8 9 10 11 -12 13 14 15 16 17 18 -19 20 0
uf20-0503 2859 1 -2 3 4 5 6 7 8 9 10 -11 -12 -13 14 -15 16 17 18 19 20 0
uf20-0504 2753 1 -2 3 4 -5 6 7 8 9 -10 11 12 13 14 15 16 17 18 -19 20 0
uf20-0505 2200 -1 2 3 4 5 6 -7 -8 9 10 11 12 -13 -14 15 16 17 18 19 20 0
uf20-0506 2433 -1 2 3 4 5 6 7 8 9 10 -11 12 13 14 15 16 17 18 19 20 0
uf20-0507 2489 1 2 3 4 5 6 7 -8 9 -10 -11 12 -13 14 15 -16 17 18 -19 20 0
uf20-0508 2508 -1 -2 3 4 -5 6 -7 8 -9 10 11 12 13 -14 15 16 17 18 -19 -20 0
uf20-0509 2875 1 2 3 4 5 6 7 8 9 10 -11 12 -13 14 15 16 -17 18 19 -20 0
uf20-050 2433 -1 -2 3 4 5 6 -7 8 9 10 11 12 -13 14 15 16 -17 18 -19 20 0
uf20-0510 2857 1 2 -3 4 -5 6 7 -8 9 -10 11 12 13 14 15 16 17 -18 19 20 0
uf20-0511 2914 1 2 3 -4 5 6 7 -8 9 10 11 -12 -13 14 15 16 17 18 19 20 0
uf20-0512 2606 1 2 3 4 5 6 7 8 9 -10 -11 12 -13 14 15 16 17 -18 -19 20 0
uf20-0513 2547 1 2 3 4 5 -6 7 8 9 -10 11 12 13 -14 -15 -16 17 18 19 20 0
uf20-0514 2326 1 2 3 4 -5 6 7 -8 9 10 11 -12 13 14 15 16 17 18 19 20 0
uf20-0515 2469 1 2 3 4 -5 -6 7 8 9 10 -11 12 13 14 -15 16 17 18 19 20 0
uf20-0516 2750 1 2 3 4 5 6 7 8 9 10 11 -12 -13 14 15 16 17 18 19 20 0
uf20-0517 2482 1 2 3 4 -5 6 7 8 -9 10 11 12 13 14 -15 16 17 -18 19 20 0
uf20-0518 2706 1 2 3 4 -5 -6 7 8 9 10 11 12 13 14 15 16 17 18 -19 20 0
uf20-0519 2264 -1 2 -3 4 -5 6 7 8 9 10 11 12 13 14 15 16 -17 18 19 -20 0
uf20-051 2636 1 2 3 4 -5 6 -7 8 9 10 11 -12 -13 14 -15 16 -17 18 -19 20 0
uf20-0520 2754 1 2 3 4 5 6 -7 8 9 -10 11 12 13 14 15 16 17 18 19 -20 0
uf20-0521 2731 1 2 3 -4 5 6 7 8 9 -10 11 12 -13 -14 -15 -16 17 18 19 20 0
uf20-0522 2891 1 2 3 4 5 6 7 -8 9 -10 11 12 -13 14 15 16 17 18 19 20 0
uf20-0523 2347 1 2 3 4 -5 6 7 -8 -9 10 11 12 13 14 15 16 -17 18 -19 20 0
uf20-0524 2272 1 -2 -3 4 5 6 7 8 9 10 11 12 13 14 15 -16 -17 18 -19 20 0
uf20-0525 2747 -1 2 3 4 5 6 7 8 9 10 11 12 -13 14 -15 -16 17 18 19 20 0
uf20-0526 2497 1 2 -3 4 5 6 7 8 9 10 11 12 13 14 -15 16 -17 18 19 -20 0
uf20-0527 2695 1 2 3 -4 5 6 7 8 9 -10 11 12 13 14 15 16 17 18 19 20 0
uf20-0528 2749 -1 2 -3 4 -5 6 7 -8 -9 10 11 12 13 14 15 -16 17 -18 19 -20 0
uf20-0529 2540 1 -2 3 4 5 6 7 8 9 10 11 12 13 14 15 -16 17 18 19 20 0
uf20-052 2166 1 2 3 4 5 6 -7 8 9 -10 11 -12 13 14 15 16 17 18 19 20 0
uf20-0530 2594 1 2 3 4 5 6 -7 8 9 -10 11 12 -13 14 -15 -16 17 -18 19 20 0
uf20-0531 2555 1 2 -3 4 5 6 7 8 -9 10 11 12 13 14 15 16 17 18 19 -20 0
uf20-0532 2465 1 2 3 4 5 -6 7 -8 -9 10 11 -12 -13 14 15 16 -17 18 19 20 0
uf20-0533 2700 1 2 3 -4 5 6 7 8 -9 10 -11 12 13 14 15 16 17 -18 19 20 0
uf20-0534 2523 1 -2 3 4 5 -6 7 8 9 10 11 12 13 14 15 16 17 -18 19 20 0
uf20-0535 2652 -1 2 3 4 5 6 -7 8 -9 10 -11 12 13 14 -15 16 -17 18 19 -20 0
uf20-0536 2679 1 2 3 4 -5 -6 -7 8 -9 -10 11 -12 13 14 15 16 17 18 -19 -20 0
uf20-0537 2640 1 2 3 4 -5 6 7 8 9 10 11 12 13 14 15 16 17 -18 -19 20 0
uf20-0538 2632 1 2 -3 4 5 6 7 8 9 -10 11 12 13 -14 15 -16 -17 18 19 20 0
uf20-0539 2291 1 2 3 4 5 6 7 8 9 -10 11 12 13 14 -15 16 -17 -18 -19 20 0
uf20-053 2399 1 2 3 -4 5 6 7 8 9 10 11 12 13 14 15 16 17 -18 19 20 0
uf20-0540 2699 -1 2 3 -4 5 -6 7 8 9 10 11 12 -13 -14 15 -16 17 18 -19 -20 0
uf20-0541 2543 1 2 3 4 -5 -6 7 8 9 -10 11 12 -13 14 15 -16 -17 -18 19 20 0
uf20-0542 2292 1 2 3 4 5 6 7 8 9 -10 -11 12 -13 14 15 -16 -17 18 19 20 0
uf20-0543 2746 -1 2 3 4 5 6 7 8 9 10 11 -12 13 14 15 16 17 18 19 -20 0
uf20-0544 2576 1 2 3 4 5 6 7 8 9 10 11 -12 -13 14 15 -16 17 18 19 -20 0
uf20-0545 2173 1 2 3 4 5 -6 7 -8 9 10 11 12 13 14 -15 16 17 18 19 -20 0
uf20-0546 2745 -1 2 3 4 5 6 7 8 9 10 11 12 13 -14 15 16 -17 18 19 -20 0
uf20-0547 3041 1 2 3 4 -5 -6 7 8 9 10 11 12 13 14 15 16 17 18 19 20 0
uf20-0548 2935 1 2 -3 4 5 6 -7 8 9 -10 -11 12 13 14 15 16 17 18 -19 20 0
uf20-0549 2675 -1 -2 3 4 5 6 -7 -8 9 -10 11 12 13 14 15 16 17 18 19 -20 0
uf20-054 2694 -1 -2 3 4 5 -6 7 8 -9 -10 11 12 13 -14 15 16 17 18 19 20 0
uf20-0550 2444 1 2 3 4 5 6 7 8 -9 10 11 12 -13 -14 15 16 -17 18 19 20 0
uf20-0551 2518 1 -2 3 4 -5 6 7 8 9 10 -11 12 13 14 15 16 -17 18 19 -20 0
uf20-0552 2817 1 2 3 4 5 6 7 -8 9 10 -11 12 13 14 15 16 17 18 19 20 0
uf20-0553 2662 -1 2 3 4 -5 6 7 8 9 -10 -11 12 13 14 15 16 -17 18 -19 20 0
uf20-0554 2629 1 2 3 4 5 6 7 8 9 10 11 12 13 14 15 16 17 18 19 20 0
uf20-0555 2454 1 2 3 -4 -5 6 -7 8 9 10 -11 12 -13 14 15 16 17 18 -19 20 0
uf20-0556 2676 1 2 3 4 5 6 7 8 -9 10 11 12 13 14 15 16 17 18 19 20 0
uf20-0557 2750 -1 2 -3 4 5 6 -7 8 9 10 11 12 13 -14 15 16 -17 -18 -19 20 0
uf20-0558 2780 1 -2 3 -4 5 6 7 -8 9 10 -11 12 -13 14 15 16 17 18 19 -20 0
uf20-0559 2652 1 2 3 4 5 -6 7 8 9 10 11 -12 13 -14 15 16 17 18 -19 -20 0
uf20-055 2896 1 2 -3 4 5 -6 -7 8 9 -10 11 12 13 14 15 16 17 18 -19 -20 0
uf20-0560 2398 1 2 3 -4 -5 6 7 8 9 10 11 12 13 14 -15 -16 17 -18 19 20 0
uf20-0561 2414 -1 2 3 4 5 -6 7 8 9 10 11 -12 13 14 15 16 17 18 19 20 0
uf20-0562 2671 1 -2 3 4 -5 6 7 -8 -9 -10 11 12 13 14 15 16 17 18 -19 20 0
uf20-0563 2514 1 -2 3 4 5 6 -7 8 9 -10 -11 12 13 14 15 16 17 18 19 20 0
uf20-0564 2633 -1 -2 3 4 5 6 7 -8 9 10 -11 12 13 -14 15 16 17 -18 19 20 0
uf20-0565 2564 1 -2 3 4 5 -6 7 8 9 10 11 12 -13 14 -15 -16 17 18 19 20 0
uf20-0566 2509 1 -2 3 4 -5 -6 7 8 9 10 11 12 13 14 15 -16 17 18 -19 20 0
uf20-0567 2715 1 2 3 -4 5 6 -7 8 9 -10 11 12 13 14 -15 16 -17 18 19 -20 0
uf20-0568 2297 1 2 3 4 -5 6 -7 8 -9 10 -11 12 13 14 15 16 17 -18 19 20 0
uf20-0569 2662 -1 2 3 4 5 -6 7 8 9 10 11 12 13 -14 15 -16 -17 18 19 -20 0
uf20-056 2455 1 2 -3 -4 5 6 -7 8 9 -10 11 12 13 14 15 -16 -17 18 19 20 0
uf20-0570 2960 -1 2 3 4 -5 6 7 8 9 10 11 12 13 14 15 16 -17 -18 19 20 0
uf20-0571 2334 1 -2 -3 -4 -5 6 7 8 9 10 11 12 13 14 15 16 17 18 19 20 0
uf20-0572 2269 -1 2 3 4 5 6 7 8 -9 10 -11 12 13 14 -15 16 17 18 -19 20 0
uf20-0573 2942 1 2 3 -4 5 6 7 8 -9 10 11 12 13 14 -15 16 17 18 19 20 0
uf20-0574 2197 1 2 3 4 5 6 7 8 9 10 11 12 13 14 15 -16 17 18 -19 -20 0
uf20-0575 2422 1 -2 3 4 5 6 -7 8 9 10 11 12 13 14 15 16 -17 -18 -19 20 0
uf20-0576 2457 1 2 -3 4 5 -6 7 8 9 10 11 12 13 14 15 -16 -17 18 19 20 0
uf20-0577 2241 1 -2 3 4 5 -6 -7 -8 9 10 11 12 -13 -14 -15 16 -17 18 19 20 0
uf20-0578 2684 1 2 3 4 5 6 -7 8 9 10 -11 12 13 14 15 16 17 18 19 20 0
uf20-0579 2548 1 2 3 4 5 -6 7 8 -9 10 11 12 13 -14 15 16 17 18 19 20 0
uf20-057 2519 1 2 3 4 5 6 7 8 9 10 11 12 13 -14 -15 16 17 18 19 20 0
uf20-0580 2720 1 -2 3 4 5 6 7 8 -9 10 11 12 -13 14 15 16 -17 -18 -19 20 0
uf20-0581 2324 -1 2 3 4 5 6 7 8 9 10 11 12 -13 14 15 -16 -17 18 19 20 0
uf20-0582 2378 -1 2 3 4 5 -6 7 8 9 10 11 -12 -13 14 15 16 17 18 19 20 0
uf20-0583 2283 1 2 3 4 5 -6 7 -8 -9 10 -11 12 13 14 15 -16 17 18 -19 20 0
uf20-0584 2454 -1 -2 3 4 5 6 -7 -8 9 -10 -11 -12 13 14 15 16 -17 18 19 20 0
uf20-0585 2461 1 2 3 4 -5 6 7 8 9 10 -11 12 13 14 15 16 17 18 19 20 0
uf20-0586 2703 1 -2 3 4 5 6 7 8 9 10 11 12 13 14 15 16 17 -18 19 -20 0
uf20-0587 2158 1 2 -3 4 -5 6 7 -8 -9 10 11 12 13 -14 -15 16 -17 -18 19 20 0
uf20-0588 2962 1 2 3 4 -5 -6 -7 8 9 10 11 12 -13 14 -15 16 17 18 19 20 0
uf20-0589 2496 1 2 3 4 5 6 7 8 -9 -10 11 12 13 14 15 16 17 18 19 20 0
uf20-058 2620 1 2 3 -4 5 -6 7 -8 9 10 11 12 13 -14 15 -16 17 18 19 20 0
uf20-0590 2806 -1 2 3 -4 5 -6 -7 -8 9 10 11 12 13 -14 15 16 17 18 -19 -20 0
uf20-0591 2922 1 -2 3 -4 -5 6 -7 8 9 10 11 12 13 14 15 16 -17 18 -19 20 0
uf20-0592 2573 1 2 -3 -4 5 -6 -7 -8 9 10 -11 12 13 14 -15 16 17 18 19 20 0
uf20-0593 2617 -1 2 3 4 5 -6 7 8 9 10 -11 12 13 14 15 16 -17 -18 19 20 0
uf20-0594 2344 1 2 -3 4 -5 6 7 8 9 10 11 -12 13 14 15 16 17 -18 19 -20 0
uf20-0595 2566 -1 2 3 4 5 6 7 8 9 10 11 -12 13 14 -15 16 17 18 19 -20 0
uf20-0596 2523 1 -2 3 4 -5 6 -7 -8 9 -10 -11 12 13 14 15 16 17 18 19 20 0
uf20-0597 2797 1 2 3 4 -5 6 7 8 9 10 -11 12 13 14 -15 -16 17 18 19 20 0
uf20-0598 2442 1 2 3 4 5 6 7 8 9 -10 11 12 -13 14 15 16 17 -18 -19 -20 0
uf20-0599 2568 1 -2 3 -4 5 6 7 8 9 10 11 -12 13 14 15 16 -17 18 19 -20 0
uf20-059 2225 1 2 -3 -4 5 6 7 8 -9 10 11 12 -13 -14 -15 16 17 18 -19 20 0
uf20-05 2194 1 2 3 4 5 6 7 8 -9 10 11 12 13 -14 15 -16 -17 18 -19 -20 0
uf20-0600 2495 1 -2 -3 -4 5 6 7 8 9 10 11 12 -13 -14 15 16 17 -18 19 -20 0
uf20-0601 2710 -1 2 -3 4 5 6 7 8 -9 10 11 12 13 -14 15 16 17 18 19 20 0
uf20-0602 2215 -1 2 3 4 5 6 -7 8 -9 10 11 12 13 14 15 16 17 -18 19 20 0
uf20-0603 2375 1 2 3 4 5 -6 -7 8 9 10 11 -12 -13 14 -15 -16 -17 18 19 20 0
uf20-0604 2463 1 2 -3 4 5 6 7 -8 9 10 11 12 13 14 15 16 17 -18 19 20 0
uf20-0605 2989 -1 2 3 4 5 -6 -7 8 -9 -10 11 12 13 14 15 16 17 18 19 20 0
uf20-0606 2407 -1 2 3 -4 5 6 7 8 9 -10 11 12 13 14 15 16 17 18 -19 20 0
uf20-0607 2677 1 -2 3 4 5 6 7 8 9 10 11 12 -13 14 15 16 -17 18 19 20 0
uf20-0608 2943 -1 -2 3 4 5 -6 7 8 -9 10 11 12 13 14 15 16 -17 -18 19 20 0
uf20-0609 2513 -1 2 3 -4 -5 6 7 8 9 -10 11 12 13 14 -15 16 17 -18 19 20 0
uf20-060 2239 1 2 3 -4 5 6 7 8 9 10 11 12 13 -14 15 16 17 18 19 20 0
uf20-0610 2294 1 2 3 4 5 6 7 8 9 -10 11 12 13 -14 -15 16 17 -18 19 20 0
uf20-0611 2735 1 2 3 4 5 6 7 8 9 10 11 -12 13 14 15 -16 -17 -18 -19 20 0
uf20-0612 2671 -1 2 3 4 -5 6 -7 8 9 10 -11 12 13 14 15 -16 17 -18 19 20 0
uf20-0613 2601 -1 2 3 4 5 6 -7 8 9 -10 11 -12 13 14 -15 16 17 18 19 -20 0
uf20-0614 2365 1 2 -3 -4 5 6 7 -8 9 10 11 12 13 14 15 16 17 18 -19 20 0
uf20-0615 2571 1 2 3 -4 5 6 7 8 -9 10 11 -12 -13 -14 -15 16 17 18 19 20 0
uf20-0616 2902 1 -2 -3 -4 5 6 -7 8 -9 10 11 12 -13 14 -15 16 17 18 19 20 0
uf20-0617 2736 1 -2 3 4 5 6 7 8 9 -10 -11 12 13 14 15 16 17 -18 -19 20 0
uf20-0618 2379 1 2 3 4 5 6 7 -8 9 10 11 12 13 14 -15 -16 17 18 19 20 0
uf20-0619 2741 1 -2 3 4 5 6 7 8 -9 10 11 12 13 14 15 16 17 18 19 -20 0
uf20-061 2489 -1 2 -3 4 5 6 7 8 -9 -10 11 12 13 14 -15 16 17 18 19 20 0
uf20-0620 2744 1 2 3 4 5 6 7 8 -9 10 11 -12 13 14 15 -16 -17 18 -19 -20 0
uf20-0621 2502 1 2 3 4 5 6 7 8 9 10 -11 12 13 -14 15 16 17 18 -19 20 0
uf20-0622 3407 1 2 3 4 5 6 -7 8 9 10 -11 12 -13 14 15 16 17 -18 -19 20 0
uf20-0623 2509 1 2 3 4 5 6 7 8 9 -10 -11 12 13 14 15 16 17 -18 19 20 0
uf20-0624 2742 -1 -2 3 -4 5 6 7 -8 -9 -10 11 12 13 -14 -15 16 17 -18 19 20 0
uf20-0625 2414 1 -2 -3 4 5 6 -7 8 9 10 -11 -12 -13 14 -15 16 17 18 19 20 0
uf20-0626 2382 1 2 3 4 -5 6 -7 -8 -9 10 11 -12 13 14 15 16 17 -18 19 20 0
uf20-0627 2725 1 -2 -3 4 5 -6 7 8 9 -10 11 12 13 14 15 16 17 18 19 20 0
uf20-0628 2365 1 2 3 4 5 6 -7 8 -9 10 11 12 13 14 15 16 17 18 19 20 0
uf20-0629 2551 -1 2 3 4 5 -6 7 8 9 10 11 12 -13 -14 15 16 -17 18 19 20 0
uf20-062 2768 1 -2 3 -4 5 6 7 8 9 -10 -11 12 13 14 -15 16 17 18 -19 20 0
uf20-0630 2414 -1 -2 -3 4 5 6 7 8 9 10 -11 12 13 14 15 16 17 18 19 -20 0
uf20-0631 2570 1 2 3 4 5 -6 7 8 -9 10 11 12 13 -14 15 -16 17 18 19 20 0
uf20-0632 2493 1 2 3 4 -5 6 -7 8 9 10 11 12 13 14 15 16 17 -18 19 -20 0
uf20-0633 2496 1 2 3 4 -5 6 7 -8 9 10 -11 12 -13 14 15 16 17 18 19 20 0
uf20-0634 2850 -1 2 3 4 5 -6 7 -8 9 10 11 12 13 -14 15 16 17 18 19 20 0
uf20-0635 2678 1 -2 3 4 5 6 7 8 9 10 11 12 13 -14 15 16 17 18 19 20 0
uf20-0636 2772 1 2 3 -4 -5 6 7 8 9 10 11 -12 13 -14 -15 16 17 18 19 20 0
uf20-0637 2689 1 2 3 4 5 -6 7 8 9 10 -11 -12 -13 -14 15 16 17 -18 -19 20 0
uf20-0638 2627 1 2 3 4 5 6 7 -8 9 10 11 12 13 14 15 16 -17 18 -19 -20 0
uf20-0639 8997 1 2 3 4 5 6 7 8 9 10 11 12 13 14 15 -16 17 -18 19 20 0
uf20-063 10785 1 2 3 -4 5 6 -7 8 9 -10 11 12 13 -14 15 16 17 18 19 20 0
uf20-0640 9514 1 2 -3 -4 5 6 -7 -8 9 10 -11 12 13 14 15 16 17 18 19 20 0
uf20-0641 8301 1 2 -3 4 5 6 7 8 9 10 -11 -12 -13 14 15 16 17 18 19 -20 0
uf20-0642 9464 1 -2 3 -4 5 6 7 -8 -9 10 11 12 13 14 15 16 17 -18 -19 -20 0
uf20-0643 9348 1 2 3 4 5 6 7 8 -9 10 -11 12 13 14 15 -16 17 18 19 -20 0
uf20-0644 8265 -1 2 3 4 5 -6 7 -8 9 10 11 12 13 14 15 -16 17 18 19 20 0
uf20-0645 10725 1 2 -3 -4 5 6 7 -8 9 10 -11 12 13 14 15 16 17 18 19 20 0
uf20-0646 10243 1 2 3 4 5 -6 7 8 -9 10 11 -12 13 14 15 -16 17 -18 -19 20 0
uf20-0647 9193 1 -2 -3 4 5 6 -7 8 9 10 11 12 13 14 -15 16 -17 18 19 20 0
uf20-0648 10835 1 2 3 4 5 6 -7 8 9 10 11 12 13 14 15 16 17 -18 19 20 0
uf20-0649 9931 -1 2 3 4 5 -6 7 8 9 10 11 12 -13 14 15 16 -17 18 -19 -20 0
uf20-064 9580 1 2 3 -4 5 -6 -7 8 9 10 11 12 -13 14 15 16 17 -18 19 20 0
uf20-0650 10301 1 2 3 -4 -5 6 7 8 9 10 11 -12 13 14 -15 16 17 -18 -19 20 0
uf20-0651 9038 1 -2 3 4 5 6 7 8 9 10 -11 12 -13 14 -15 16 17 18 19 20 0
uf20-0652 8815 1 -2 3 4 5 6 7 8 -9 10 -11 12 -13 14 15 -16 17 18 19 20 0
uf20-0653 10131 1 2 3 4 -5 6 7 8 9 -10 11 12 13 14 -15 16 -17 18 19 20 0
uf20-0654 10708 1 2 -3 4 5 6 7 -8 9 10 11 -12 -13 14 15 16 17 18 -19 -20 0
uf20-0655 9573 1 2 3 4 5 6 -7 8 -9 10 11 12 -13 14 -15 16 -17 18 19 20 0
uf20-0656 9384 1 -2 3 -4 -5 6 7 8 9 10 -11 -12 13 14 15 16 -17 18 -19 20 0
uf20-0657 8407 1 2 -3 4 5 6 7 -8 -9 10 11 12 13 14 -15 16 17 18 -19 20 0
uf20-0658 9451 1 -2 3 4 -5 6 -7 8 9 10 11 12 13 -14 15 16 17 -18 19 20 0
uf20-0659 9990 1 2 -3 4 5 6 -7 8 9 10 -11 12 13 14 15 16 17 -18 19 20 0
uf20-065 9504 1 2 3 4 5 6 7 8 -9 10 11 12 13 14 -15 16 17 18 19 -20 0
uf20-0660 9040 1 2 -3 -4 5 6 -7 8 9 10 11 12 13 14 15 16 17 18 19 -20 0
uf20-0661 7908 1 2 3 -4 -5 6 7 8 9 10 11 12 13 14 15 16 17 18 -19 20 0
uf20-0662 9242 1 2 -3 4 5 6 -7 8 9 10 -11 12 13 14 15 16 17 18 19 20 0
uf20-0663 9371 1 2 -3 4 -5 6 7 8 9 10 -11 12 -13 14 15 -16 17 -18 19 20 0
uf20-0664 8430 1 -2 -3 4 5 6 7 8 9 10 11 12 -13 14 15 -16 17 18 19 20 0
uf20-0665 9782 1 2 -3 -4 5 -6 7 8 9 -10 11 12 13 14 15 16 17 18 19 -20 0
uf20-0666 9040 1 2 -3 4 5 6 -7 -8 -9 10 11 12 -13 14 15 16 17 18 -19 20 0
uf20-0667 9946 1 -2 3 4 5 -6 7 8 9 10 11 12 13 14 -15 -16 17 18 19 20 0
uf20-0668 8879 1 -2 3 4 5 6 7 8 9 10 11 12 13 14 15 16 17 18 19 20 0
uf20-0669 8842 1 2 3 -4 5 6 7 -8 9 10 11 12 13 -14 15 16 -17 18 19 20 0
uf20-066 8010 1 2 3 4 5 6 -7 8 9 -10 -11 12 13 14 15 16 17 18 19 20 0
uf20-0670 9902 1 2 3 -4 5 -6 7 -8 9 10 11 12 13 -14 15 16 17 -18 19 -20 0
uf20-0671 10092 -1 2 3 4 5 6 7 8 9 10 -11 12 13 -14 15 16 17 18 19 20 0
uf20-0672 10137 -1 -2 -3 4 5 6 7 8 9 -10 -11 -12 13 14 15 16 17 18 19 20 0
uf20-0673 10473 -1 2 -3 4 5 6 -7 -8 -9 10 11 12 -13 14 -15 16 -17 -18 19 20 0
uf20-0674 8367 1 -2 3 4 5 6 7 -8 9 10 11 12 13 14 15 16 -17 -18 -19 -20 0
uf20-0675 9813 1 2 3 4 5 6 7 8 9 -10 11 12 13 14 15 16 17 -18 -19 -20 0
uf20-0676 9198 1 2 3 4 5 6 7 8 -9 10 11 12 13 -14 -15 16 -17 -18 19 20 0
uf20-0677 9414 -1 2 3 4 5 6 -7 8 9 10 11 12 -13 14 15 16 -17 18 19 20 0
uf20-0678 9275 -1 2 3 4 5 -6 7 8 9 10 11 12 13 14 -15 16 17 18 -19 -20 0
uf20-0679 7857 1 2 3 4 5 -6 7 8 9 10 -11 -12 13 14 15 16 17 18 19 -20 0
uf20-067 11705 -1 2 3 4 5 6 -7 8 9 10 11 12 -13 14 15 -16 -17 18 19 20 0
uf20-0680 9333 1 2 3 4 5 6 -7 8 9 10 11 12 -13 14 15 16 17 18 19 20 0
uf20-0681 9092 1 2 -3 4 5 6 7 8 9 -10 -11 12 13 14 15 16 -17 18 19 20 0
uf20-0682 8863 -1 2 -3 4 5 6 7 8 -9 10 -11 -12 13 14 15 -16 17 18 19 20 0
uf20-0683 11517 1 -2 -3 -4 -5 6 7 8 -9 10 11 -12 13 14 15 16 17 -18 19 20 0
uf20-0684 8792 1 2 3 -4 -5 -6 7 8 -9 10 11 12 13 14 15 16 17 18 19 -20 0
uf20-0685 9243 1 2 -3 -4 -5 6 7 8 9 10 11 -12 13 14 15 16 17 -18 19 20 0
uf20-0686 8552 -1 2 -3 -4 -5 6 -7 8 9 -10 11 -12 -13 14 15 16 17 18 19 20 0
uf20-0687 11369 1 2 3 4 5 6 7 -8 -9 -10 11 12 13 -14 15 16 17 18 19 20 0
uf20-0688 9878 1 -2 3 4 5 6 7 -8 9 10 -11 12 -13 -14 -15 16 17 18 19 20 0
uf20-0689 9951 1 2 3 -4 -5 6 7 8 9 10 11 12 -13 -14 -15 16 17 18 19 20 0
uf20-068 9295 1 2 3 4 -5 6 7 8 9 -10 11 12 13 14 15 16 -17 18 19 20 0
uf20-0690 9280 1 2 3 4 5 -6 7 8 9 10 11 12 13 14 15 -16 -17 18 19 20 0
uf20-0691 8022 1 2 -3 -4 5 -6 7 8 -9 10 -11 12 13 -14 15 16 17 18 19 -20 0
uf20-0692 8972 1 2 -3 4 5 6 7 -8 9 10 11 12 13 14 15 16 17 18 19 20 0
uf20-0693 8787 -1 -2 3 -4 5 6 7 8 9 10 11 -12 13 14 15 -16 17 18 -19 20 0
uf20-0694 10274 1 2 3 4 5 6 7 -8 -9 10 11 12 -13 -14 -15 16 17 18 19 20 0
uf20-0695 9162 1 2 3 4 5 6 7 8 9 10 11 -12 13 14 15 16 17 18 19 20 0
uf20-0696 8784 1 2 3 4 5 6 7 -8 9 -10 -11 12 13 14 15 -16 17 -18 -19 20 0
uf20-0697 9431 1 2 3 -4 5 -6 7 8 9 10 11 12 13 14 15 16 17 18 19 -20 0
uf20-0698 9141 1 -2 3 4 5 6 7 8 9 10 -11 12 13 14 15 16 17 18 19 -20 0
uf20-0699 9438 1 -2 -3 4 5 -6 7 8 9 10 11 12 13 -14 15 16 17 18 19 20 0
uf20-069 9198 1 2 -3 4 5 6 7 8 9 10 11 12 13 14 15 -16 17 18 19 -20 0
uf20-06 8483 1 2 -3 4 5 -6 7 8 9 10 11 12 13 14 15 16 17 18 19 20 0
uf20-0700 10018 1 2 3 4 5 6 7 -8 9 10 11 12 -13 14 15 16 -17 18 19 20 0
uf20-0701 8778 1 2 3 4 -5 6 7 -8 9 10 -11 -12 13 -14 15 16 -17 18 19 20 0
uf20-0702 9295 1 2 3 4 5 6 -7 -8 9 10 11 12 13 14 15 -16 17 18 19 20 0
uf20-0703 9714 1 -2 3 4 5 6 7 8 9 10 -11 12 13 -14 15 16 17 18 19 -20 0
uf20-0704 10289 -1 2 3 -4 -5 6 7 -8 9 10 11 12 -13 14 -15 16 17 18 19 20 0
uf20-0705 7914 1 2 3 4 5 6 7 -8 9 10 11 12 13 -14 15 16 17 18 19 20 0
uf20-0706 9315 1 -2 3 4 5 6 -7 8 9 10 11 -12 13 14 15 -16 17 18 19 20 0
uf20-0707 8286 1 2 3 4 -5 6 7 -8 9 10 11 12 13 14 15 -16 17 -18 19 20 0
uf20-0708 10002 1 2 3 4 5 6 7 8 9 10 11 12 13 14 -15 -16 17 18 19 20 0
uf20-0709 8319 1 -2 3 4 5 6 7 8 9 10 11 -12 13 14 15 16 17 18 19 20 0
uf20-070 8469 1 2 3 4 5 6 -7 8 9 -10 11 12 13 -14 15 16 17 18 19 -20 0
uf20-0710 10217 1 2 3 -4 5 -6 -7 8 9 -10 11 12 13 14 15 16 -17 18 19 20 0
uf20-0711 10382 -1 2 -3 4 -5 -6 -7 8 9 10 11 12 -13 14 15 16 17 18 19 20 0
uf20-0712 9726 1 2 3 4 -5 6 -7 8 -9 10 -11 12 13 14 -15 -16 17 18 -19 20 0
uf20-0713 9180 1 -2 3 4 5 6 7 8 -9 -10 11 12 13 14 15 16 17 -18 19 20 0
uf20-0714 10228 -1 2 3 4 5 -6 -7 8 9 10 11 12 13 14 15 16 17 18 19 20 0
uf20-0715 9991 -1 -2 3 4 -5 6 -7 8 9 10 11 -12 13 14 15 16 -17 -18 19 20 0
uf20-0716 7567 -1 2 -3 -4 5 6 7 8 -9 -10 -11 12 -13 14 -15 -16 17 -18 19 20 0
uf20-0717 10028 1 2 3 4 5 -6 7 8 9 10 -11 12 -13 14 15 -16 -17 18 -19 -20 0
uf20-0718 9203 1 2 -3 4 -5 6 7 -8 -9 10 11 12 13 14 -15 16 17 -18 19 20 0
uf20-0719 8880 1 2 3 4 5 6 -7 -8 9 -10 -11 12 -13 14 15 16 17 18 19 20 0
uf20-071 9276 1 2 3 -4 5 6 -7 -8 -9 -10 11 12 -13 -14 15 -16 17 18 19 20 0
uf20-0720 9689 -1 2 3 4 5 6 7 8 9 10 11 12 -13 14 15 16 17 18 19 20 0
uf20-0721 8252 1 2 3 4 -5 -6 7 -8 9 -10 11 12 13 14 15 16 17 18 19 20 0
uf20-0722 10162 1 2 -3 4 5 6 7 8 -9 10 11 12 -13 14 15 16 17 18 19 -20 0
uf20-0723 8111 1 -2 3 4 5 6 7 8 9 10 11 12 13 -14 15 16 17 -18 19 20 0
uf20-0724 8691 1 2 3 4 5 6 7 8 -9 10 11 12 13 14 15 16 17 18 19 20 0
uf20-0725 8453 1 2 -3 4 5 6 -7 8 9 10 -11 12 13 14 15 16 17 -18 19 20 0
uf20-0726 8527 1 2 -3 4 -5 6 -7 8 9 10 11 12 -13 -14 15 16 17 18 19 20 0
uf20-0727 9050 1 2 3 4 5 6 -7 8 9 10 11 12 13 -14 15 16 17 -18 19 20 0
uf20-0728 10618 1 -2 3 4 5 6 7 8 -9 10 -11 12 13 -14 15 16 17 18 19 20 0
uf20-0729 8661 1 -2 3 4 -5 6 7 -8 9 -10 11 12 -13 14 -15 16 -17 18 -19 20 0
uf20-072 9611 1 -2 3 4 5 6 7 8 9 10 11 12 -13 14 15 -16 17 18 19 -20 0
uf20-0730 7527 1 2 3 -4 5 6 7 8 9 10 -11 -12 13 -14 -15 16 -17 18 19 20 0
uf20-0731 9546 -1 2 3 4 -5 6 7 8 9 -10 11 12 13 14 -15 16 -17 18 -19 20 0
uf20-0732 9437 1 2 -3 -4 5 6 -7 8 9 10 11 12 13 14 15 16 17 18 -19 20 0
uf20-0733 9857 1 2 -3 4 5 6 7 8 9 10 11 12 -13 14 -15 16 17 -18 -19 20 0
uf20-0734 8380 1 2 -3 4 5 6 7 8 9 10 11 12 13 14 15 16 17 18 19 20 0
uf20-0735 7886 1 2 3 4 -5 -6 -7 8 9 10 11 12 13 14 -15 -16 17 -18 19 20 0
uf20-0736 9088 1 2 3 4 5 6 7 -8 9 10 -11 -12 -13 14 15 -16 17 18 19 20 0
uf20-0737 9180 1 2 3 -4 -5 6 7 -8 -9 10 11 12 13 14 15 -16 -17 -18 -19 20 0
uf20-0738 10951 -1 2 3 4 -5 6 7 8 9 10 11 -12 13 -14 -15 16 17 18 19 20 0
uf20-0739 8253 1 2 3 4 5 6 7 -8 9 10 11 12 13 14 15 16 -17 -18 19 20 0
uf20-073 9160 1 2 3 4 5 6 7 8 9 10 11 12 13 -14 15 16 17 18 19 20 0
uf20-0740 8835 1 -2 3 4 5 6 7 8 9 -10 11 12 -13 14 15 16 17 18 19 20 0
uf20-0741 9190 -1 -2 3 4 5 6 -7 8 9 10 -11 12 -13 14 15 16 -17 18 19 20 0
uf20-0742 9042 1 2 3 4 5 -6 7 8 9 -10 11 12 -13 14 15 16 17 18 19 20 0
uf20-0743 9732 1 2 3 4 5 -6 7 8 -9 -10 11 -12 13 14 15 16 17 18 19 20 0
uf20-0744 9818 1 2 -3 4 5 6 7 8 -9 -10 11 12 13 14 15 16 17 18 19 20 0
uf20-0745 9020 1 2 -3 4 5 6 7 8 -9 10 -11 12 13 -14 15 16 17 -18 -19 20 0
uf20-0746 9624 1 2 3 4 5 6 7 8 9 10 -11 12 13 14 15 16 17 18 19 -20 0
uf20-0747 9259 1 2 -3 -4 5 6 7 8 9 10 -11 12 13 14 15 16 17 18 19 20 0
uf20-0748 10307 -1 2 3 4 -5 6 7 -8 9 10 11 -12 13 14 15 -16 17 -18 19 20 0
uf20-0749 7482 1 2 3 4 5 -6 7 8 9 10 -11 12 13 14 15 16 17 18 19 20 0
uf20-074 8749 -1 2 3 4 5 6 7 8 9 10 11 12 -13 14 15 16 -17 18 -19 20 0
uf20-0750 7985 1 2 3 4 5 6 7 8 9 10 11 12 13 14 -15 16 17 -18 19 20 0
uf20-0751 10078 -1 2 3 4 5 6 -7 8 -9 -10 11 12 13 14 15 16 17 -18 19 20 0
uf20-0752 9538 1 2 3 4 5 6 7 8 9 10 -11 -12 -13 14 15 16 -17 -18 19 -20 0
uf20-0753 9982 1 2 -3 -4 5 6 7 8 9 10 11 12 13 14 -15 16 17 18 19 -20 0
uf20-0754 9119 -1 2 3 4 5 6 7 8 9 10 11 12 -13 14 15 -16 17 -18 19 20 0
uf20-0755 9715 1 2 3 -4 5 6 7 -8 9 10 11 -12 13 14 15 16 17 18 19 -20 0
uf20-0756 9082 1 2 3 4 -5 6 7 8 9 -10 11 12 13 -14 15 16 -17 18 -19 20 0
uf20-0757 9027 1 2 3 4 5 6 -7 8 -9 10 11 12 13 14 15 16 17 18 19 20 0
uf20-0758 8776 -1 2 3 4 5 6 7 8 9 10 11 12 13 14 15 -16 17 18 19 20 0
uf20-0759 8182 1 2 3 4 5 -6 -7 8 9 10 11 -12 13 -14 15 16 17 18 19 20 0
uf20-075 8541 1 -2 3 -4 5 -6 7 -8 9 10 11 12 -13 -14 15 -16 17 18 19 20 0
uf20-0760 10047 1 -2 3 4 5 6 7 8 9 10 11 12 13 -14 -15 16 17 18 19 -20 0
uf20-0761 9033 1 2 3 4 5 -6 7 8 9 10 11 -12 13 14 15 16 17 18 19 20 0
uf20-0762 8051 1 -2 3 4 5 -6 -7 8 9 10 -11 12 13 14 15 16 17 18 19 20 0
uf20-0763 8615 1 2 -3 4 5 6 -7 8 9 10 11 12 13 14 15 16 17 18 19 20 0
uf20-0764 8271 1 2 3 4 -5 -6 7 8 9 10 11 12 -13 -14 -15 16 17 18 19 20 0
uf20-0765 8168 1 -2 -3 4 5 6 7 8 9 10 11 12 13 14 -15 16 17 18 19 -20 0
uf20-0766 10340 1 2 3 -4 5 6 -7 8 9 10 11 12 13 14 15 16 -17 18 -19 20 0
uf20-0767 9756 1 2 -3 -4 5 -6 7 8 9 10 11 12 -13 14 15 16 17 18 19 20 0
uf20-0768 8601 1 2 -3 4 5 -6 7 -8 -9 10 11 12 13 -14 15 16 -17 18 19 20 0
uf20-0769 9455 -1 2 -3 4 5 6 7 8 9 10 11 12 13 14 15 16 -17 18 -19 -20 0
uf20-076 10077 1 -2 -3 4 5 -6 7 -8 -9 10 11 12 13 14 15 16 17 -18 19 20 0
uf20-0770 10689 1 2 3 4 5 6 7 8 9 10 11 -12 13 14 15 16 17 18 19 20 0
uf20-0771 8945 1 2 3 4 5 6 7 8 9 10 11 -12 13 14 15 -16 17 18 -19 -20 0
uf20-0772 8892 1 2 3 4 -5 6 7 8 9 10 11 12 13 14 15 16 17 18 -19 -20 0
uf20-0773 9533 -1 -2 -3 4 5 6 7 8 -9 10 11 12 13 14 15 16 17 18 -19 -20 0
uf20-0774 5688 1 -2 -3 4 -5 -6 7 8 9 10 11 12 -13 14 15 16 -17 18 19 20 0
uf20-0775 7031 1 2 3 4 5 -6 7 8 -9 -10 11 12 -13 14 15 16 -17 18 -19 -20 0
uf20-0776 7205 1 -2 3 4 5 6 7 -8 9 -10 -11 12 -13 14 15 16 17 18 19 20 0
uf20-0777 6153 1 2 3 4 5 6 7 8 9 10 -11 -12 -13 14 15 16 17 18 19 20 0
uf20-0778 7556 1 -2 3 4 -5 6 7 -8 -9 10 11 -12 13 -14 15 -16 17 -18 19 20 0
uf20-0779 6973 -1 2 3 4 -5 6 7 8 -9 10 11 -12 -13 14 15 16 17 18 19 20 0
uf20-077 7677 1 2 -3 4 5 6 7 -8 9 -10 11 12 13 14 15 16 17 -18 19 20 0
uf20-0780 5784 1 -2 3 4 5 6 7 -8 9 10 11 12 13 14 15 16 -17 18 19 20 0
uf20-0781 5753 1 2 3 -4 -5 6 -7 8 -9 -10 11 -12 13 14 -15 16 17 18 19 20 0
uf20-0782 5787 -1 -2 3 4 5 6 7 -8 9 -10 11 12 -13 14 15 16 -17 -18 19 20 0
uf20-0783 7227 1 2 -3 4 5 -6 7 8 9 -10 11 12 13 14 15 16 17 18 19 20 0
uf20-0784 7238 1 2 -3 4 5 -6 7 8 9 10 11 12 13 14 15 16 -17 -18 19 20 0
uf20-0785 6095 -1 2 3 -4 -5 6 7 8 9 10 11 12 13 -14 15 16 17 -18 -19 20 0
uf20-0786 6224 1 2 3 4 5 6 7 8 9 10 -11 12 13 14 -15 16 17 -18 19 20 0
uf20-0787 6183 -1 2 3 4 -5 -6 -7 -8 9 10 11 12 13 14 15 -16 17 18 19 20 0
uf20-0788 6719 1 2 3 -4 5 6 7 8 9 10 11 -12 13 14 15 16 17 18 19 20 0
uf20-0789 5146 1 -2 3 4 -5 6 7 8 -9 10 -11 12 13 -14 -15 16 17 -18 19 20 0
uf20-078 6439 1 2 3 4 5 6 -7 8 9 -10 11 12 -13 14 -15 -16 17 18 19 20 0
uf20-0790 6239 -1 2 3 4 5 6 7 8 9 10 11 12 13 -14 -15 16 17 18 19 20 0
uf20-0791 6182 1 2 3 4 -5 6 7 8 9 10 11 -12 13 -14 15 16 17 18 19 20 0
uf20-0792 6607 1 2 -3 -4 -5 -6 7 8 9 -10 11 12 13 -14 15 16 -17 -18 19 20 0
uf20-0793 6843 1 2 3 4 5 6 7 -8 9 10 11 -12 -13 14 15 16 17 18 19 20 0
uf20-0794 5432 1 2 3 4 5 6 7 8 9 10 11 12 13 14 -15 16 -17 18 -19 20 0
uf20-0795 6084 1 2 3 4 5 6 7 8 9 10 11 12 -13 -14 15 16 -17 18 -19 -20 0
uf20-0796 5405 1 -2 3 -4 5 6 7 8 9 10 11 12 -13 -14 -15 -16 17 18 19 20 0
uf20-0797 7229 1 2 3 4 5 6 7 8 9 10 -11 -12 13 14 15 16 17 18 19 20 0
uf20-0798 4943 1 2 3 4 5 6 7 -8 9 10 11 -12 13 14 15 16 17 18 -19 20 0
uf20-0799 7031 1 2 3 -4 5 6 -7 -8 9 10 11 12 13 14 15 16 17 18 19 -20 0
uf20-079 7963 1 -2 3 -4 5 -6 7 8 9 10 11 12 13 14 15 16 17 -18 19 -20 0
uf20-07 6526 -1 2 3 4 -5 -6 7 8 9 10 -11 12 -13 14 15 16 17 18 19 20 0
uf20-0800 5946 1 2 3 4 -5 6 7 8 9 -10 11 12 13 14 15 -16 17 18 19 -20 0
uf20-0801 6008 1 2 3 4 5 6 7 8 9 10 11 12 -13 14 15 16 17 18 19 20 0
uf20-0802 7410 1 2 3 -4 -5 6 7 8 9 10 11 12 13 -14 15 16 17 18 19 20 0
uf20-0803 6043 1 2 3 -4 5 6 7 -8 9 10 11 12 13 14 15 16 -17 18 19 -20 0
uf20-0804 6800 1 2 3 4 5 -6 -7 8 9 -10 11 12 -13 14 15 16 17 18 -19 20 0
uf20-0805 6228 1 2 3 4 5 6 7 8 9 10 11 12 13 14 -15 16 17 -18 19 20 0
uf20-0806 5288 -1 2 -3 4 5 6 7 8 9 10 11 12 13 14 15 -16 17 -18 -19 20 0
uf20-0807 7714 1 2 3 4 5 6 7 8 -9 -10 11 12 13 14 15 16 17 -18 19 -20 0
uf20-0808 7870 -1 2 3 4 5 6 7 8 -9 10 11 12 13 14 15 16 -17 18 -19 20 0
uf20-0809 6790 -1 -2 3 4 5 6 7 8 9 10 -11 12 13 14 15 16 17 18 19 -20 0
uf20-080 6895 1 2 3 4 5 6 7 8 9 10 11 12 13 14 15 16 -17 -18 -19 20 0
uf20-0810 7975 -1 -2 3 4 5 6 7 -8 9 10 11 -12 13 -14 15 16 17 -18 19 20 0
uf20-0811 6078 1 2 3 4 5 -6 7 8 9 10 11 -12 -13 14 15 16 17 18 19 20 0
uf20-0812 6328 1 2 3 4 5 6 7 8 9 -10 11 12 -13 14 15 16 17 18 -19 20 0
uf20-0813 6489 1 2 3 4 5 -6 7 -8 9 10 11 12 13 14 -15 16 17 18 -19 20 0
uf20-0814 6569 1 2 3 4 5 6 7 8 9 -10 11 12 13 14 15 16 -17 -18 19 -20 0
uf20-0815 6303 1 2 3 4 5 6 7 8 9 -10 11 12 13 14 15 16 17 -18 19 -20 0
uf20-0816 6248 1 2 3 -4 5 6 7 -8 -9 -10 11 12 13 14 15 -16 17 18 19 20 0
uf20-0817 6689 -1 2 -3 4 -5 -6 7 8 9 10 11 12 13 -14 -15 16 17 18 19 20 0
uf20-0818 6299 -1 2 3 -4 5 6 7 8 9 10 11 -12 -13 -14 15 16 17 18 19 20 0
uf20-0819 6279 1 2 -3 4 5 6 7 8 9 -10 11 -12 13 14 15 16 17 18 19 20 0
uf20-081 6270 1 2 3 4 5 6 7 8 9 10 11 -12 13 -14 15 16 17 18 19 -20 0
uf20-0820 6972 1 2 3 4 5 -6 7 8 9 10 11 12 13 14 15 -16 17 18 19 -20 0
uf20-0821 5746 1 2 3 4 -5 -6 7 8 -9 10 -11 12 -13 14 15 16 -17 18 19 -20 0
uf20-0822 7650 -1 2 -3 4 5 6 7 8 9 10 -11 12 13 14 15 -16 17 18 -19 20 0
uf20-0823 6782 1 -2 -3 4 5 6 7 -8 9 10 11 12 13 14 15 -16 17 -18 19 20 0
uf20-0824 6677 1 -2 -3 4 5 -6 7 -8 9 -10 11 12 -13 14 15 16 17 18 19 20 0
uf20-0825 6664 1 -2 3 4 -5 -6 -7 8 9 -10 11 12 13 14 15 16 17 18 19 20 0
uf20-0826 6106 1 2 3 4 5 -6 7 -8 9 -10 11 12 -13 14 15 16 17 18 19 20 0
uf20-0827 6214 1 -2 -3 4 5 6 7 -8 9 10 11 12 13 14 -15 16 17 18 19 -20 0
uf20-0828 6908 1 -2 3 4 5 6 7 8 9 10 11 12 13 14 15 -16 17 -18 19 20 0
uf20-0829 7329 1 2 3 4 -5 6 -7 8 9 10 11 12 -13 14 15 16 17 18 19 20 0
uf20-082 7567 1 2 3 -4 5 6 7 8 -9 10 11 12 -13 14 15 16 -17 -18 19 20 0
uf20-0830 6491 1 -2 3 -4 5 6 -7 8 9 10 11 12 -13 14 15 16 17 18 19 20 0
uf20-0831 6599 -1 2 3 4 5 6 7 8 9 10 11 12 13 -14 15 16 17 -18 19 20 0
uf20-0832 5785 1 2 3 4 5 -6 -7 8 -9 10 11 -12 13 -14 -15 16 17 -18 19 20 0
uf20-0833 6624 -1 2 3 -4 -5 6 -7 8 -9 10 -11 12 13 14 15 16 17 18 19 20 0
uf20-0834 5890 -1 -2 3 4 5 6 7 -8 -9 -10 -11 12 -13 -14 15 16 -17 18 -19 20 0
uf20-0835 6241 -1 2 3 4 5 6 7 8 9 -10 11 12 13 14 15 -16 17 18 19 20 0
uf20-0836 5754 1 -2 3 -4 5 6 7 8 9 -10 -11 12 13 14 15 16 -17 -18 19 20 0
uf20-0837 6571 1 -2 3 4 5 6 -7 -8 9 10 -11 12 13 14 -15 -16 17 18 19 -20 0
uf20-0838 7930 1 -2 -3 -4 5 -6 7 8 9 -10 11 12 13 14 -15 16 17 18 19 20 0
uf20-0839 7696 -1 2 3 4 5 6 -7 8 -9 10 11 12 13 14 -15 -16 17 18 19 20 0
uf20-083 5478 1 2 3 4 -5 -6 -7 8 9 10 11 12 13 14 15 16 17 18 -19 20 0
uf20-0840 5808 1 2 3 -4 5 6 -7 8 -9 10 -11 12 13 14 15 16 17 18 19 20 0
uf20-0841 6851 1 2 3 4 5 6 7 8 -9 10 -11 12 -13 14 15 16 17 18 -19 20 0
uf20-0842 6331 1 -2 -3 -4 5 6 7 8 9 10 11 12 -13 -14 -15 16 17 18 19 20 0
uf20-0843 6440 1 -2 3 4 -5 -6 -7 8 9 -10 11 12 -13 14 15 16 17 18 19 20 0
uf20-0844 6355 1 2 3 4 5 6 7 8 9 10 11 12 -13 14 15 16 17 18 19 20 0
uf20-0845 6593 1 -2 3 4 5 -6 7 8 9 10 11 12 13 -14 15 16 17 18 19 20 0
uf20-0846 6389 1 2 3 4 5 6 7 8 9 10 11 12 13 14 15 16 17 -18 19 20 0
uf20-0847 5649 -1 2 -3 4 -5 -6 7 -8 9 -10 11 12 13 14 15 16 -17 -18 19 20 0
uf20-0848 5574 -1 2 3 4 5 -6 7 -8 9 10 11 12 -13 14 15 16 17 18 19 -20 0
uf20-0849 5919 1 2 3 4 5 6 7 8 9 10 11 -12 13 14 15 16 17 18 -19 20 0
uf20-084 6153 1 2 -3 4 5 6 -7 8 9 10 11 12 13 14 15 16 -17 -18 -19 20 0
uf20-0850 5875 1 -2 -3 -4 5 -6 -7 8 9 -10 11 12 13 14 15 16 17 18 19 20 0
uf20-0851 7072 1 2 3 -4 -5 6 7 8 9 -10 -11 12 -13 14 15 16 17 -18 -19 20 0
uf20-0852 6700 1 2 -3 4 5 -6 7 -8 9 -10 11 12 13 14 -15 16 17 18 19 -20 0
uf20-0853 7072 1 2 3 4 5 6 -7 8 9 -10 11 -12 13 14 -15 16 17 18 -19 20 0
uf20-0854 6451 1 -2 3 -4 5 -6 -7 8 9 -10 11 -12 13 -14 15 -16 17 18 19 -20 0
uf20-0855 5919 -1 2 -3 4 5 6 7 8 9 10 11 12 13 14 15 16 17 18 19 20 0
uf20-0856 7263 -1 -2 3 4 5 -6 7 8 9 -10 11 12 13 14 15 -16 17 18 19 -20 0
uf20-0857 6697 1 -2 -3 4 -5 6 7 8 9 -10 11 12 -13 -14 15 -16 17 18 19 20 0
uf20-0858 6182 1 2 -3 4 5 6 7 8 -9 10 -11 12 -13 -14 15 16 17 18 19 20 0
uf20-0859 6285 1 2 -3 4 5 6 -7 8 9 10 11 -12 13 14 15 16 17 18 19 20 0
uf20-085 5901 1 2 3 4 5 6 7 8 9 -10 11 12 13 -14 15 -16 17 18 19 20 0
uf20-0860 6040 1 2 -3 4 5 6 7 8 -9 10 11 12 -13 -14 15 16 -17 18 19 20 0
uf20-0861 7283 1 2 -3 4 5 -6 -7 8 9 10 11 -12 13 14 15 16 17 18 -19 20 0
uf20-0862 7861 1 2 3 -4 5 6 7 -8 9 10 -11 12 13 14 15 16 17 18 19 20 0
uf20-0863 7667 -1 2 3 4 5 6 7 8 9 10 11 -12 13 14 15 16 17 18 19 20 0
uf20-0864 6276 1 2 3 4 5 6 7 8 9 10 11 12 13 14 -15 16 17 18 19 20 0
uf20-0865 6278 1 -2 3 4 -5 6 7 8 9 -10 11 -12 13 14 15 16 17 -18 19 -20 0
uf20-0866 6959 1 2 3 -4 5 6 -7 8 9 10 11 12 -13 14 -15 16 17 18 -19 20 0
uf20-0867 5178 1 -2 3 4 5 6 7 8 9 10 11 12 13 14 15 16 17 18 -19 -20 0
uf20-0868 7288 -1 2 3 4 -5 6 7 8 9 -10 11 12 13 14 15 16 17 18 -19 20 0
uf20-0869 5841 -1 2 3 -4 5 -6 7 8 9 10 11 12 -13 14 15 -16 17 18 19 20 0
uf20-086 6723 1 2 3 -4 5 6 7 -8 9 10 11 12 13 -14 15 16 17 -18 -19 20 0
uf20-0870 5850 1 2 3 4 5 -6 7 8 -9 10 11 12 -13 14 15 16 17 -18 19 20 0
uf20-0871 6297 1 2 -3 -4 5 6 7 8 9 -10 11 12 13 14 -15 -16 17 18 19 20 0
uf20-0872 6898 -1 2 -3 4 5 -6 7 8 9 10 -11 -12 13 14 15 -16 17 18 19 20 0
uf20-0873 6115 1 2 -3 4 5 6 7 -8 9 10 11 -12 13 14 15 16 17 18 19 20 0
uf20-0874 6100 1 2 3 -4 5 6 7 -8 9 10 11 12 -13 14 15 16 -17 -18 19 20 0
uf20-0875 7013 1 2 3 -4 5 6 7 8 9 10 -11 12 13 14 15 -16 17 18 -19 20 0
uf20-0876 7415 1 2 3 -4 5 6 7 8 9 -10 11 12 13 14 15 16 -17 18 -19 20 0
uf20-0877 6238 -1 -2 -3 4 -5 6 7 8 9 -10 11 -12 13 14 15 16 17 18 -19 -20 0
uf20-0878 6555 -1 -2 3 4 -5 6 7 -8 9 10 11 12 13 -14 15 16 -17 18 19 20 0
uf20-0879 5338 1 -2 3 -4 5 6 7 8 9 10 11 -12 13 14 15 -16 17 18 19 20 0
uf20-087 6500 1 2 3 -4 -5 6 7 8 -9 10 11 12 13 -14 15 16 17 18 19 20 0
uf20-0880 6842 1 2 3 4 5 6 -7 -8 9 10 11 -12 -13 14 -15 16 17 18 19 20 0
uf20-0881 7273 1 2 3 4 -5 6 7 -8 9 -10 11 12 13 -14 15 16 17 18 19 20 0
uf20-0882 5445 1 2 3 4 5 6 7 8 9 10 11 -12 13 14 15 16 -17 18 19 20 0
uf20-0883 7433 1 -2 3 -4 5 6 7 8 9 10 11 12 13 14 -15 -16 17 18 -19 -20 0
uf20-0884 6395 1 2 3 4 5 6 7 8 9 10 11 -12 13 14 15 16 17 -18 19 20 0
uf20-0885 7099 1 2 -3 4 5 6 7 8 9 -10 11 12 13 14 15 -16 17 18 19 20 0
uf20-0886 5204 1 2 3 -4 5 6 7 8 9 10 11 12 -13 14 -15 16 17 18 19 20 0
uf20-0887 5778 -1 2 3 4 -5 6 -7 8 9 -10 -11 -12 13 14 15 16 17 -18 19 20 0
uf20-0888 6612 1 2 3 -4 5 6 -7 8 9 10 11 -12 13 14 15 16 17 18 19 20 0
uf20-0889 5341 1 -2 3 4 5 -6 -7 8 9 -10 11 12 -13 14 15 16 17 18 19 20 0
uf20-088 6474 1 2 3 4 5 6 7 8 -9 10 -11 12 13 14 15 16 -17 18 19 20 0
uf20-0890 5959 -1 2 3 4 5 6 7 8 9 -10 -11 12 -13 -14 15 16 -17 -18 -19 20 0
uf20-0891 6727 -1 -2 -3 4 5 6 7 8 9 10 11 12 13 14 15 16 17 18 19 -20 0
uf20-0892 5971 1 2 -3 4 5 6 7 8 9 10 11 12 13 14 -15 16 -17 18 -19 -20 0
uf20-0893 6530 -1 2 -3 4 5 6 7 8 -9 10 11 12 13 14 -15 16 17 -18 19 -20 0
uf20-0894 6074 1 2 3 4 5 6 7 8 9 10 11 12 13 14 15 -16 17 18 19 20 0
uf20-0895 6060 1 2 -3 4 5 6 -7 8 9 10 11 -12 -13 14 15 16 17 18 19 -20 0
uf20-0896 6424 -1 2 3 -4 5 6 -7 8 9 -10 11 12 -13 14 15 16 17 18 -19 20 0
uf20-0897 6604 1 2 -3 4 5 -6 7 8 9 10 11 12 13 14 15 16 17 18 19 -20 0
uf20-0898 6366 -1 2 -3 -4 5 6 7 8 -9 10 11 12 13 -14 15 -16 -17 18 19 20 0
uf20-0899 5893 1 2 -3 -4 5 6 -7 8 9 10 -11 12 13 14 15 16 17 18 19 20 0
uf20-089 6994 1 2 -3 4 -5 6 7 8 -9 10 11 12 13 -14 -15 16 17 18 19 -20 0
uf20-08 5638 1 2 3 4 5 6 -7 -8 -9 -10 11 -12 13 14 15 16 -17 18 -19 20 0
uf20-0900 6336 1 -2 3 -4 5 6 7 8 9 -10 -11 12 13 14 -15 16 17 18 -19 20 0
uf20-0901 5831 1 2 3 -4 5 6 7 8 9 10 -11 12 13 14 15 16 17 18 19 20 0
uf20-0902 6784 1 2 3 4 5 6 7 -8 -9 10 11 12 13 14 15 16 17 -18 19 -20 0
uf20-0903 5877 1 2 3 4 5 6 7 -8 -9 10 11 -12 -13 -14 15 -16 17 18 19 20 0
uf20-0904 6500 1 -2 3 4 5 6 -7 8 9 10 -11 12 13 14 15 16 -17 18 19 -20 0
uf20-0905 7382 1 2 3 4 -5 -6 7 -8 9 10 11 -12 13 14 15 16 17 18 19 -20 0
uf20-0906 7627 1 2 3 4 -5 6 7 8 -9 -10 11 12 -13 14 15 16 17 -18 -19 20 0
uf20-0907 6262 1 2 3 4 -5 -6 7 -8 9 10 11 12 13 -14 -15 16 -17 18 -19 20 0
uf20-0908 8790 1 -2 3 4 -5 -6 7 8 9 10 11 12 -13 14 -15 -16 17 18 19 20 0
uf20-0909 9282 -1 2 -3 4 5 -6 7 8 9 10 -11 12 13 14 15 -16 17 18 -19 20 0
uf20-090 9876 1 2 3 4 5 6 7 8 -9 10 11 12 13 14 15 16 17 18 19 20 0
uf20-0910 9128 -1 -2 3 4 5 6 7 8 -9 -10 11 12 13 14 15 -16 17 -18 19 20 0
uf20-0911 11409 1 2 3 -4 5 6 7 8 9 -10 11 12 13 14 15 16 17 18 19 -20 0
uf20-0912 10433 1 2 3 -4 5 6 7 8 -9 10 11 -12 13 14 15 -16 -17 18 19 20 0
uf20-0913 8876 1 2 3 4 5 6 7 8 9 10 11 -12 -13 14 15 -16 -17 18 -19 20 0
uf20-0914 9915 1 2 3 4 5 6 7 -8 9 -10 -11 12 -13 14 15 16 17 18 19 20 0
uf20-0915 9203 -1 2 -3 4 5 6 -7 8 -9 10 11 12 13 14 15 16 17 18 19 -20 0
uf20-0916 8675 1 2 -3 4 5 -6 7 8 -9 10 11 12 13 14 15 16 17 18 19 20 0
uf20-0917 9619 1 2 -3 4 5 -6 7 8 -9 10 11 12 13 -14 -15 16 17 18 19 20 0
uf20-0918 7686 -1 2 3 4 5 6 -7 8 -9 -10 11 12 13 14 -15 16 17 18 -19 20 0
uf20-0919 8351 -1 2 3 4 -5 6 -7 -8 9 10 11 12 13 14 15 16 17 -18 19 20 0
uf20-091 8886 -1 2 3 4 -5 6 7 8 9 10 -11 12 13 14 15 16 17 18 -19 -20 0
uf20-0920 8652 1 2 3 4 5 6 7 8 -9 10 11 12 13 14 15 16 17 18 19 20 0
uf20-0921 8605 1 -2 3 -4 5 6 7 8 9 10 11 12 13 14 15 16 17 18 19 -20 0
uf20-0922 8682 1 -2 -3 4 5 6 7 8 9 10 11 -12 13 14 15 16 17 18 19 20 0
uf20-0923 8151 -1 2 3 4 -5 -6 7 8 9 10 11 12 13 -14 15 16 17 18 19 20 0
uf20-0924 7890 1 2 3 -4 5 6 7 8 9 -10 11 12 -13 14 -15 16 17 18 -19 20 0
uf20-0925 10474 -1 2 3 4 5 6 7 8 9 10 11 12 13 14 15 16 -17 18 19 -20 0
uf20-0926 8622 1 2 -3 4 5 6 7 8 9 10 11 12 13 14 15 -16 -17 18 19 20 0
uf20-0927 8910 1 -2 -3 4 5 6 7 8 9 -10 -11 12 13 14 15 16 17 18 19 -20 0
uf20-0928 9511 1 2 -3 4 5 -6 7 8 9 10 11 12 13 14 15 -16 17 18 19 20 0
uf20-0929 8745 1 2 3 4 -5 6 7 8 9 10 11 12 -13 -14 -15 16 17 18 19 -20 0
uf20-092 8377 1 2 3 4 5 6 7 8 9 -10 11 12 13 14 15 16 17 18 19 20 0
uf20-0930 8898 1 2 3 4 5 -6 7 8 9 10 11 -12 -13 14 15 16 17 18 -19 20 0
uf20-0931 8755 -1 2 -3 -4 5 6 7 8 9 10 11 12 13 -14 -15 16 17 -18 19 -20 0
uf20-0932 9920 1 2 3 4 5 -6 7 8 9 10 11 12 -13 14 -15 16 17 18 19 20 0
uf20-0933 7936 1 2 3 -4 -5 6 7 8 -9 -10 11 12 13 -14 -15 16 17 18 19 -20 0
uf20-0934 7725 1 2 3 4 5 -6 7 8 9 -10 11 -12 13 14 15 16 17 18 19 -20 0
uf20-0935 9873 1 2 3 4 5 6 7 8 -9 10 -11 12 13 14 15 16 17 18 19 20 0
uf20-0936 10234 1 2 3 4 5 6 -7 8 9 10 11 12 -13 14 15 16 17 -18 19 -20 0
uf20-0937 9060 1 2 -3 -4 -5 6 7 -8 -9 10 11 12 -13 14 15 -16 17 18 19 20 0
uf20-0938 10382 1 -2 3 4 5 6 7 8 -9 10 11 12 13 14 -15 16 17 -18 19 20 0
uf20-0939 10489 -1 2 3 -4 5 -6 7 8 9 10 11 12 -13 14 -15 16 17 18 19 20 0
uf20-093 8782 -1 2 3 4 5 -6 7 -8 9 10 -11 -12 13 14 15 -16 17 -18 19 20 0
uf20-0940 9411 -1 2 3 4 5 6 7 -8 9 -10 11 12 -13 14 15 16 17 -18 19 20 0
uf20-0941 9429 -1 -2 3 4 -5 -6 -7 8 -9 10 11 12 -13 14 15 -16 17 18 -19 20 0
uf20-0942 10564 1 2 3 4 5 -6 7 8 9 -10 11 12 13 14 15 -16 17 18 19 20 0
uf20-0943 9761 -1 2 3 4 -5 -6 7 8 -9 10 11 12 13 14 15 16 17 18 19 -20 0
uf20-0944 9453 1 2 -3 4 5 6 7 8 9 10 11 12 13 -14 15 16 17 -18 19 20 0
uf20-0945 9513 1 2 -3 4 5 6 7 8 9 10 11 12 13 14 -15 -16 17 18 19 20 0
uf20-0946 8878 1 -2 3 4 5 6 7 8 9 10 11 12 13 -14 -15 16 -17 18 19 20 0
uf20-0947 10443 1 -2 3 4 -5 -6 7 8 9 10 11 12 13 14 15 16 17 18 19 20 0
uf20-0948 8438 1 2 3 4 5 -6 7 8 -9 10 11 12 13 14 15 16 17 18 19 20 0
uf20-0949 8670 1 2 -3 -4 -5 -6 7 8 9 -10 11 -12 13 14 -15 -16 17 18 19 -20 0
uf20-094 8794 1 2 3 4 5 6 -7 8 9 -10 11 12 13 -14 15 16 17 18 -19 20 0
uf20-0950 8537 -1 -2 3 4 5 6 7 8 9 10 11 12 13 14 -15 16 17 -18 19 20 0
uf20-0951 8648 1 2 -3 4 -5 6 7 8 9 -10 -11 12 13 -14 15 16 17 18 19 20 0
uf20-0952 10277 1 -2 3 4 5 6 -7 8 9 10 11 12 13 14 15 -16 -17 18 -19 20 0
uf20-0953 11257 1 2 3 -4 5 -6 7 8 9 10 11 12 13 14 15 16 17 -18 -19 -20 0
uf20-0954 8304 -1 2 3 4 5 6 7 -8 9 10 11 12 13 14 15 16 17 -18 19 -20 0
uf20-0955 9976 1 2 3 4 5 -6 7 8 9 10 -11 12 13 14 15 16 17 18 19 20 0
uf20-0956 8806 1 2 3 -4 5 6 7 -8 9 10 -11 12 13 -14 -15 16 17 18 19 -20 0
uf20-0957 9540 1 -2 3 4 -5 6 7 8 9 10 11 12 13 14 15 16 17 18 -19 20 0
uf20-0958 8550 -1 2 3 4 5 6 -7 8 9 -10 11 12 -13 -14 15 16 -17 18 19 20 0
uf20-0959 8653 1 2 3 4 -5 6 7 8 9 -10 11 -12 13 14 15 16 17 18 19 -20 0
uf20-095 8379 1 -2 3 4 -5 6 7 8 9 10 11 12 -13 14 15 16 17 18 -19 20 0
uf20-0960 8082 1 2 -3 4 5 -6 7 8 9 10 11 -12 13 14 15 16 -17 -18 -19 20 0
uf20-0961 8206 1 -2 -3 4 -5 6 7 8 9 -10 11 -12 -13 -14 15 -16 17 18 -19 20 0
uf20-0962 10009 -1 2 -3 4 5 -6 7 8 9 10 -11 -12 13 14 15 16 17 18 19 -20 0
uf20-0963 9492 1 -2 -3 4 5 -6 7 8 9 10 11 12 13 -14 15 16 17 18 -19 20 0
uf20-0964 8683 1 2 -3 4 5 6 7 8 9 10 11 -12 -13 14 15 16 17 -18 19 20 0
uf20-0965 10927 1 2 3 4 5 6 7 8 9 10 11 12 13 14 15 16 -17 -18 19 20 0
uf20-0966 8707 -1 -2 3 4 5 6 7 8 -9 10 11 12 13 14 15 16 17 18 19 20 0
uf20-0967 8122 -1 2 -3 -4 5 6 7 8 9 -10 11 12 13 -14 15 16 -17 18 19 20 0
uf20-0968 8024 1 2 3 4 -5 6 -7 -8 -9 -10 11 12 13 -14 -15 -16 17 -18 19 20 0
uf20-0969 8395 -1 2 3 4 5 6 7 8 -9 -10 11 12 -13 -14 15 -16 17 18 19 20 0
uf20-096 9927 1 2 3 4 5 6 7 8 9 10 -11 12 -13 14 15 16 17 18 19 20 0
uf20-0970 7773 1 -2 -3 -4 5 6 7 8 9 -10 -11 -12 -13 14 15 16 -17 18 19 20 0
uf20-0971 10579 1 2 -3 4 5 -6 -7 8 9 10 11 12 -13 -14 -15 16 17 18 19 20 0
uf20-0972 8652 1 2 3 4 -5 6 -7 8 9 10 11 12 13 14 15 16 17 -18 19 20 0
uf20-0973 8378 1 2 3 4 5 6 7 -8 9 10 11 -12 13 14 -15 16 -17 18 19 20 0
uf20-0974 9118 1 2 3 4 5 6 -7 -8 9 10 -11 -12 13 14 15 -16 17 18 19 20 0
uf20-0975 8827 1 2 3 4 5 -6 7 8 9 10 11 12 13 14 15 16 17 18 19 20 0
uf20-0976 8560 1 2 -3 4 5 6 7 -8 9 10 11 12 13 14 15 16 17 -18 19 -20 0
uf20-0977 9166 1 2 3 4 5 -6 7 -8 9 10 11 12 13 14 15 16 17 -18 19 20 0
uf20-0978 8657 1 2 3 4 5 6 7 8 -9 10 11 12 13 14 -15 16 17 18 19 20 0
uf20-0979 9272 1 2 -3 4 5 -6 7 8 9 10 -11 12 13 14 -15 16 17 -18 19 20 0
uf20-097 8571 1 2 3 4 -5 6 -7 8 9 10 -11 -12 13 -14 -15 16 17 18 19 20 0
uf20-0980 9356 -1 -2 3 -4 -5 6 7 8 9 10 11 12 13 14 -15 16 17 -18 19 20 0
uf20-0981 8604 -1 2 3 4 -5 -6 7 8 9 10 11 -12 -13 14 15 16 -17 18 19 -20 0
uf20-0982 9354 1 -2 3 -4 -5 -6 7 8 9 10 11 -12 -13 -14 15 16 17 18 19 -20 0
uf20-0983 10091 1 2 3 4 5 6 -7 -8 -9 10 11 12 13 14 15 -16 17 18 19 20 0
uf20-0984 7758 1 2 -3 -4 5 6 -7 -8 9 10 -11 -12 13 -14 15 16 17 18 19 -20 0
uf20-0985 8454 1 2 3 4 5 6 -7 -8 9 10 11 12 13 14 15 16 17 -18 19 20 0
uf20-0986 9109 -1 2 3 4 -5 6 7 8 -9 10 -11 -12 13 -14 15 16 17 18 19 20 0
uf20-0987 8467 1 2 3 4 5 6 7 8 9 10 11 12 -13 14 15 -16 -17 18 -19 20 0
uf20-0988 10304 -1 2 -3 4 5 6 -7 8 -9 10 11 12 -13 14 15 16 -17 18 19 20 0
uf20-0989 8361 1 2 -3 4 5 6 -7 8 9 10 -11 12 13 -14 15 -16 17 18 19 20 0
uf20-098 9496 1 2 -3 -4 5 6 -7 8 -9 10 11 12 13 14 15 16 17 -18 19 20 0
uf20-0990 8912 1 -2 3 -4 5 6 7 8 -9 10 11 12 13 -14 15 16 17 18 19 20 0
uf20-0991 9508 1 -2 3 4 5 6 -7 8 9 10 11 12 13 14 -15 16 17 18 19 20 0
uf20-0992 8993 -1 -2 -3 4 5 6 7 8 9 10 11 12 -13 14 15 16 17 -18 19 -20 0
uf20-0993 8555 1 2 3 4 5 6 -7 8 -9 10 11 12 13 14 -15 16 17 18 19 20 0
uf20-0994 9257 1 2 3 -4 5 6 7 8 9 10 11 12 13 -14 15 -16 17 -18 19 -20 0
uf20-0995 8812 1 2 3 4 5 6 -7 8 -9 10 11 12 13 -14 15 16 17 18 -19 20 0
uf20-0996 9325 1 2 -3 -4 5 6 7 -8 9 10 11 12 13 -14 15 16 17 18 19 20 0
uf20-0997 9530 1 2 3 -4 5 6 7 8 9 10 11 12 13 14 15 16 -17 18 -19 20 0
uf20-0998 10413 1 2 3 4 -5 6 7 8 9 10 11 12 13 -14 15 16 17 18 19 20 0
uf20-0999 8828 1 2 3 4 5 -6 7 8 9 -10 -11 12 13 14 15 16 17 18 19 20 0
uf20-099 9458 1 2 3 -4 -5 -6 7 8 9 10 11 -12 13 14 -15 -16 17 18 -19 20 0
uf20-09 9018 -1 2 3 4 5 6 7 -8 9 10 11 12 13 14 15 16 17 -18 19 20 0
