uf50-0102 124959 1 -2 3 4 -5 6 7 -8 -9 10 11 12 -13 -14 15 -16 17 -18 19 -20 21 -22 23 -24 25 26 -27 -28 29 -30 -31 -32 -33 34 35 36 -37 38 39 40 41 42 43 -44 45 46 47 -48 -49 50 0
uf50-0107 120528 -1 2 3 4 -5 -6 7 -8 9 10 11 -12 13 -14 15 16 -17 18 -19 -20 21 22 -23 -24 25 -26 27 -28 -29 30 -31 -32 33 34 35 -36 37 -38 -39 -40 -41 42 43 -44 -45 -46 47 48 49 50 0
uf50-0110 114284 -1 2 3 -4 5 6 -7 -8 9 -10 11 12 -13 -14 -15 16 -17 -18 19 20 21 -22 23 -24 -25 -26 -27 -28 29 30 31 32 -33 34 35 36 37 38 -39 -40 41 42 -43 44 45 -46 47 48 49 50 0
uf50-0125 120984 -1 -2 -3 4 -5 -6 7 -8 9 10 11 12 13 -14 -15 16 17 18 -19 20 -21 -22 -23 -24 25 26 27 -28 -29 -30 31 32 33 34 35 -36 37 38 39 -40 -41 42 -43 44 45 -46 47 -48 -49 -50 0
uf50-0131 98427 1 -2 -3 4 -5 -6 -7 -8 9 -10 -11 -12 -13 14 15 -16 17 18 -19 20 21 -22 23 24 -25 26 -27 -28 29 30 31 32 -33 -34 35 -36 37 38 -39 40 41 42 -43 44 45 -46 -47 -48 49 50 0
uf50-0138 107470 -1 -2 -3 -4 5 -6 7 -8 -9 -10 -11 12 13 14 15 -16 -17 18 -19 -20 -21 -22 23 24 25 26 -27 -28 29 30 31 32 -33 -34 -35 36 37 -38 -39 40 41 42 43 44 -45 46 47 48 -49 -50 0
uf50-013 119782 -1 -2 -3 4 5 -6 7 -8 -9 10 11 -12 -13 14 15 16 17 18 -19 -20 -21 22 -23 24 -25 26 27 -28 -29 30 31 32 -33 34 35 36 37 -38 -39 40 41 42 -43 -44 45 46 47 48 -49 50 0
uf50-0151 128061 -1 2 -3 4 -5 -6 -7 -8 -9 -10 -11 -12 13 -14 15 16 17 18 19 20 -21 22 -23 -24 25 26 -27 28 29 30 31 32 -33 34 -35 36 37 -38 39 -40 41 -42 -43 -44 45 46 47 -48 49 50 0
uf50-0188 88277 -1 2 3 -4 -5 6 7 -8 9 -10 11 -12 13 14 -15 16 -17 -18 19 -20 21 22 -23 -24 25 26 -27 28 29 -30 31 32 33 34 35 -36 -37 -38 -39 40 41 -42 43 44 45 -46 47 -48 -49 -50 0
uf50-0194 128061 -1 -2 -3 -4 5 -6 7 -8 9 -10 11 -12 13 -14 15 16 -17 -18 -19 -20 21 22 -23 24 25 26 -27 -28 -29 30 31 -32 33 34 35 -36 37 38 -39 40 41 42 43 44 45 -46 -47 48 -49 -50 0
uf50-0196 93709 1 -2 -3 4 -5 -6 -7 8 9 10 11 12 -13 14 15 16 -17 -18 -19 -20 -21 22 23 -24 -25 26 27 -28 29 30 -31 32 -33 -34 35 -36 -37 -38 39 40 -41 -42 43 44 -45 -46 47 48 -49 -50 0
uf50-0210 95293 1 2 -3 -4 -5 6 -7 -8 -9 10 11 -12 -13 14 -15 -16 -17 18 -19 20 21 -22 -23 24 25 26 -27 28 -29 30 -31 32 33 -34 35 36 -37 38 39 -40 -41 42 -43 44 -45 46 47 48 -49 -50 0
uf50-0214 117012 -1 -2 -3 -4 5 6 -7 8 9 10 11 12 13 14 15 -16 17 -18 19 -20 -21 22 -23 24 -25 26 -27 -28 29 30 31 32 -33 34 35 36 -37 -38 39 40 41 -42 -43 -44 45 -46 -47 -48 49 -50 0
uf50-0215 154269 1 2 3 4 5 -6 -7 8 9 10 -11 12 -13 14 -15 -16 17 -18 -19 -20 -21 22 23 24 25 26 27 28 -29 30 31 32 -33 34 35 36 37 38 -39 40 41 42 -43 44 45 46 47 48 -49 -50 0
uf50-0237 93348 1 -2 3 -4 5 -6 -7 8 9 10 -11 -12 -13 -14 15 -16 17 18 19 -20 21 -22 23 24 -25 26 -27 28 29 30 31 -32 -33 34 -35 36 -37 38 39 40 41 -42 -43 -44 -45 -46 -47 -48 49 -50 0
uf50-0239 111291 -1 2 -3 4 5 6 -7 8 -9 -10 11 12 -13 -14 15 16 -17 -18 19 20 21 -22 -23 24 -25 26 -27 -28 29 30 31 -32 -33 34 35 36 37 38 -39 -40 41 42 -43 -44 45 46 -47 48 -49 50 0
uf50-0240 130572 -1 2 3 -4 -5 6 -7 8 -9 -10 11 12 13 14 15 -16 -17 -18 19 20 -21 22 -23 24 25 -26 27 28 -29 -30 31 -32 -33 34 -35 36 37 -38 39 -40 41 42 43 44 -45 -46 47 -48 49 50 0
uf50-0242 119794 1 -2 3 4 -5 -6 7 -8 9 -10 11 -12 -13 14 15 -16 17 18 19 20 21 22 23 24 -25 26 27 28 -29 -30 31 -32 33 34 35 36 -37 38 -39 -40 -41 42 43 44 45 46 47 -48 -49 50 0
uf50-0245 146475 1 2 3 -4 -5 -6 7 -8 -9 10 11 12 13 14 15 16 17 18 19 20 -21 22 -23 -24 -25 26 -27 -28 29 30 -31 32 33 -34 -35 36 -37 -38 39 40 41 42 43 -44 45 46 47 48 49 50 0
uf50-0269 118935 -1 -2 -3 -4 -5 6 7 -8 -9 10 -11 12 -13 14 15 16 -17 18 19 20 21 22 23 24 25 -26 27 -28 -29 -30 31 32 33 34 35 36 -37 38 -39 -40 41 42 43 -44 -45 46 47 48 -49 50 0
uf50-0283 129197 1 -2 -3 4 5 6 -7 -8 9 10 11 12 13 14 15 16 17 -18 -19 20 -21 -22 23 24 -25 26 -27 28 -29 30 -31 32 33 -34 35 36 37 -38 39 40 41 -42 43 -44 -45 46 -47 48 49 50 0
uf50-0286 115506 1 2 -3 4 -5 -6 -7 -8 9 -10 11 -12 -13 14 15 -16 17 18 19 -20 21 -22 -23 24 25 -26 -27 -28 -29 30 -31 -32 33 34 35 -36 -37 38 39 -40 41 42 43 -44 -45 46 47 48 -49 -50 0
uf50-0297 145638 1 2 3 -4 5 6 -7 8 -9 10 11 12 -13 -14 15 16 -17 -18 19 20 -21 22 23 24 25 -26 -27 28 -29 -30 31 32 33 -34 -35 36 37 38 -39 -40 41 42 43 44 45 -46 47 48 -49 50 0
uf50-0299 132115 -1 2 -3 4 5 6 7 8 9 10 11 12 -13 14 15 -16 -17 18 19 20 21 22 23 -24 -25 -26 -27 28 29 30 31 -32 -33 34 35 36 37 -38 -39 40 41 42 43 44 45 -46 47 48 -49 -50 0
uf50-0301 138105 -1 2 3 4 -5 6 7 -8 9 10 -11 -12 13 -14 15 -16 17 18 19 20 -21 22 23 24 -25 26 -27 28 -29 -30 31 32 -33 34 -35 -36 -37 38 39 40 41 -42 43 -44 45 46 -47 -48 49 50 0
uf50-0311 170748 1 2 3 4 5 6 7 8 9 10 -11 12 13 -14 15 -16 -17 18 -19 20 -21 -22 -23 24 25 26 27 28 -29 30 31 32 -33 34 35 36 -37 38 -39 40 41 -42 43 44 45 46 -47 48 49 -50 0
uf50-0320 94979 1 2 -3 -4 5 -6 -7 8 -9 -10 -11 -12 13 -14 -15 -16 17 -18 19 20 -21 22 23 24 -25 26 27 -28 29 30 31 -32 33 -34 -35 36 -37 38 -39 40 41 -42 -43 44 45 -46 47 48 -49 50 0
uf50-0323 116269 -1 -2 3 -4 5 6 7 -8 -9 10 11 12 -13 -14 15 16 17 18 19 20 21 -22 23 24 -25 -26 27 -28 29 30 -31 32 -33 34 -35 -36 -37 38 -39 -40 41 -42 -43 -44 45 -46 -47 48 49 50 0
uf50-0326 103509 -1 2 3 4 5 6 -7 -8 -9 10 11 -12 13 14 -15 -16 -17 -18 -19 -20 -21 -22 23 24 -25 26 27 -28 -29 30 -31 -32 33 -34 35 36 -37 -38 -39 40 41 42 43 -44 45 46 -47 48 -49 -50 0
uf50-0345 129735 -1 2 3 4 5 6 7 -8 -9 -10 11 -12 13 14 -15 16 -17 18 19 -20 21 22 23 24 25 26 -27 28 29 -30 31 -32 -33 -34 35 36 37 -38 -39 -40 -41 -42 -43 44 45 46 -47 -48 -49 -50 0
uf50-0346 148149 1 2 3 -4 5 6 7 8 -9 10 11 -12 13 14 15 16 17 18 -19 -20 -21 22 -23 -24 25 26 27 28 29 -30 -31 -32 33 -34 -35 -36 37 -38 39 40 41 -42 43 -44 -45 -46 47 48 49 50 0
uf50-0347 130572 -1 -2 3 -4 5 6 7 -8 9 10 -11 12 -13 14 15 16 17 18 -19 -20 21 22 -23 24 25 26 27 28 29 -30 31 32 -33 34 -35 -36 37 -38 -39 -40 -41 -42 -43 44 -45 46 -47 48 49 -50 0
uf50-0352 128061 -1 -2 -3 -4 5 6 7 8 9 10 11 12 -13 -14 15 -16 17 18 -19 -20 21 -22 23 24 -25 -26 27 28 29 -30 31 -32 -33 34 35 36 37 -38 -39 40 41 -42 -43 -44 -45 -46 47 48 49 -50 0
uf50-0355 111740 -1 2 -3 -4 -5 6 -7 -8 -9 10 11 12 13 14 -15 -16 -17 -18 -19 20 21 -22 -23 24 25 26 27 -28 -29 -30 -31 32 -33 34 35 36 -37 -38 -39 40 -41 42 43 -44 45 46 47 -48 -49 50 0
uf50-0366 120528 -1 -2 3 4 5 6 7 8 -9 -10 11 -12 -13 -14 15 -16 -17 18 -19 -20 21 -22 -23 24 25 -26 27 -28 -29 30 31 -32 33 -34 35 36 37 38 -39 40 41 42 43 -44 -45 -46 -47 48 -49 50 0
uf50-0369 105462 1 -2 3 4 5 6 -7 -8 -9 10 11 -12 -13 -14 15 -16 -17 18 -19 -20 21 -22 -23 -24 25 26 -27 -28 29 -30 31 -32 33 -34 -35 -36 -37 -38 -39 40 -41 42 -43 44 -45 46 -47 48 49 50 0
uf50-0373 118083 -1 -2 3 4 5 -6 -7 -8 9 -10 -11 -12 13 14 15 16 17 18 19 -20 21 -22 23 24 25 26 27 -28 -29 -30 31 -32 -33 -34 35 -36 37 38 39 -40 -41 42 -43 44 -45 46 47 -48 49 50 0
uf50-0379 109275 1 2 -3 4 -5 -6 -7 -8 9 10 -11 12 -13 -14 -15 -16 -17 18 -19 -20 21 -22 23 -24 25 -26 27 -28 29 30 31 -32 33 -34 -35 -36 -37 -38 39 40 41 -42 43 44 45 46 47 -48 49 50 0
uf50-0416 106231 1 -2 -3 4 -5 -6 -7 8 9 10 11 -12 13 14 15 16 -17 18 19 20 -21 -22 23 24 25 -26 27 -28 -29 -30 31 32 -33 34 -35 -36 37 -38 39 40 41 42 -43 -44 -45 46 -47 48 -49 50 0
uf50-0422 158193 1 2 3 -4 -5 6 7 -8 -9 10 -11 12 13 14 -15 16 17 18 19 -20 -21 22 23 24 -25 26 27 28 -29 30 31 32 -33 34 -35 -36 -37 -38 39 40 41 42 43 44 45 -46 47 48 49 50 0
uf50-0443 114500 1 2 3 -4 5 6 -7 -8 -9 -10 11 12 -13 14 -15 -16 -17 18 19 -20 21 -22 23 24 25 26 -27 28 29 30 31 32 33 -34 -35 36 37 -38 -39 -40 -41 -42 -43 -44 -45 -46 -47 -48 49 50 0
uf50-0447 150660 -1 -2 3 4 5 -6 7 8 -9 10 -11 12 13 14 -15 16 17 18 19 20 -21 -22 -23 24 -25 26 27 28 -29 -30 31 32 -33 34 35 36 -37 38 39 -40 -41 42 43 44 -45 -46 47 -48 -49 50 0
uf50-0449 119125 -1 -2 3 -4 5 6 7 -8 -9 -10 -11 12 -13 -14 -15 16 -17 18 19 20 21 22 -23 24 25 26 -27 -28 29 30 -31 -32 -33 34 35 36 37 38 39 -40 41 42 43 44 -45 46 -47 -48 49 50 0
uf50-0451 115506 -1 2 -3 -4 -5 6 -7 8 9 -10 -11 12 -13 14 15 -16 17 -18 19 -20 21 22 -23 24 -25 26 27 28 -29 -30 31 32 -33 34 -35 36 -37 -38 39 40 41 42 -43 -44 -45 46 -47 48 49 -50 0
uf50-0460 112994 1 2 3 -4 5 -6 -7 -8 9 10 -11 -12 13 14 -15 16 -17 -18 19 20 -21 22 23 -24 25 -26 27 28 29 30 -31 32 -33 -34 35 -36 -37 -38 39 40 41 42 -43 -44 -45 46 -47 48 -49 -50 0
uf50-0466 142123 1 -2 -3 -4 5 6 -7 8 -9 10 -11 12 -13 14 -15 16 17 -18 19 -20 21 -22 -23 -24 25 26 27 -28 29 30 31 32 33 34 35 36 37 38 39 -40 -41 42 -43 44 45 46 47 48 49 -50 0
uf50-0472 113021 1 2 -3 -4 5 6 7 8 -9 10 11 12 -13 -14 15 -16 17 18 -19 20 21 22 23 -24 25 -26 -27 28 29 -30 31 32 -33 -34 -35 -36 37 -38 -39 -40 41 42 43 44 45 46 47 48 -49 -50 0
uf50-0496 119442 1 -2 3 4 -5 -6 -7 -8 9 10 11 12 13 -14 -15 -16 -17 -18 -19 20 21 -22 23 -24 25 -26 27 28 29 30 31 32 -33 34 -35 36 37 38 39 -40 -41 42 -43 44 45 46 47 48 49 -50 0
uf50-0500 129735 1 2 -3 4 5 6 -7 8 9 10 11 12 13 14 15 16 -17 -18 -19 -20 21 -22 23 -24 -25 -26 -27 -28 -29 -30 -31 -32 -33 34 35 36 37 38 -39 -40 -41 -42 43 -44 45 46 47 48 49 -50 0
uf50-0502 142290 -1 2 3 -4 -5 6 7 8 -9 10 11 -12 13 14 15 -16 17 18 -19 20 -21 22 23 24 25 -26 27 28 -29 -30 31 32 33 -34 35 36 37 -38 39 -40 41 -42 -43 -44 45 46 -47 -48 49 -50 0
uf50-050 114877 -1 2 -3 4 -5 -6 7 -8 9 10 11 12 13 14 -15 16 -17 -18 -19 -20 21 -22 23 24 25 -26 -27 -28 29 30 -31 32 -33 34 -35 -36 37 -38 -39 -40 41 42 -43 44 45 -46 47 -48 49 50 0
uf50-0522 150174 1 2 3 -4 5 6 7 8 9 -10 -11 12 13 14 15 16 17 18 19 20 21 -22 -23 24 25 26 -27 -28 29 30 -31 -32 33 34 -35 -36 37 38 39 -40 -41 42 43 -44 -45 -46 47 48 -49 50 0
uf50-0537 118391 -1 2 3 4 -5 6 7 8 9 -10 11 12 -13 14 15 16 17 18 19 -20 21 22 -23 24 -25 -26 27 28 29 -30 31 -32 -33 -34 35 36 -37 -38 -39 -40 -41 42 43 44 -45 -46 47 -48 49 -50 0
uf50-0538 129376 -1 2 3 4 -5 6 7 8 9 10 -11 12 -13 14 -15 16 17 18 -19 -20 -21 22 23 -24 25 26 -27 -28 -29 30 31 32 -33 -34 -35 -36 37 -38 39 -40 41 42 -43 44 45 46 47 48 49 -50 0
uf50-0549 125257 1 2 3 4 5 6 7 -8 9 10 -11 12 13 -14 15 -16 -17 18 19 -20 21 -22 -23 -24 25 -26 -27 28 -29 -30 31 32 33 34 35 36 37 38 -39 -40 41 42 43 44 45 46 -47 -48 49 -50 0
uf50-0564 114077 -1 2 -3 4 5 -6 7 -8 -9 10 11 12 -13 -14 15 16 -17 18 -19 20 -21 -22 23 -24 -25 26 27 28 -29 30 -31 32 33 34 -35 36 37 -38 39 -40 41 -42 43 44 -45 46 -47 -48 -49 -50 0
uf50-0579 124585 1 -2 3 4 -5 6 -7 8 -9 -10 -11 -12 13 14 15 16 17 18 19 20 21 22 -23 24 -25 -26 27 28 -29 -30 31 32 -33 34 35 36 37 -38 39 -40 41 42 -43 44 -45 -46 47 -48 49 50 0
uf50-0583 117007 -1 -2 -3 -4 5 6 7 -8 -9 10 11 12 -13 14 -15 16 -17 -18 19 20 21 22 -23 -24 -25 -26 27 28 29 30 31 32 -33 -34 35 36 -37 -38 39 40 -41 42 -43 -44 -45 -46 -47 48 -49 50 0
uf50-0585 121219 1 -2 -3 4 5 6 7 8 -9 10 11 -12 -13 14 -15 -16 -17 -18 -19 20 21 -22 -23 -24 -25 -26 27 -28 -29 30 -31 32 33 -34 35 36 -37 38 39 -40 41 42 -43 -44 45 46 47 48 49 50 0
uf50-0599 115355 1 -2 3 4 5 -6 7 -8 9 10 -11 12 13 14 15 16 -17 18 19 -20 21 -22 -23 24 -25 -26 27 28 29 -30 31 32 33 -34 35 -36 -37 38 39 -40 41 -42 -43 -44 45 46 -47 -48 -49 50 0
uf50-061 128743 1 2 -3 -4 5 6 7 -8 9 -10 11 12 13 -14 15 16 17 18 -19 -20 21 -22 23 24 -25 -26 27 -28 29 -30 31 -32 -33 34 35 36 37 -38 -39 -40 41 -42 -43 44 45 -46 47 48 -49 -50 0
uf50-063 96537 -1 -2 -3 -4 5 -6 7 8 9 10 -11 12 -13 -14 15 -16 -17 18 -19 -20 -21 22 -23 -24 -25 26 27 28 29 -30 31 -32 33 34 -35 36 37 38 -39 -40 -41 -42 -43 44 -45 46 47 -48 -49 -50 0
uf50-0644 103604 1 -2 -3 4 5 -6 7 8 9 -10 11 12 -13 14 15 16 17 18 19 -20 21 22 -23 -24 -25 -26 -27 -28 29 30 31 32 33 34 35 -36 -37 38 -39 -40 41 42 43 44 -45 46 -47 48 -49 50 0
uf50-0652 133847 1 -2 -3 -4 -5 -6 7 -8 9 10 11 12 13 14 15 16 -17 18 19 -20 21 22 23 24 -25 26 27 -28 29 -30 31 32 -33 34 -35 36 -37 38 -39 40 -41 42 43 -44 45 -46 -47 48 -49 -50 0
uf50-0653 103702 -1 -2 -3 4 -5 -6 -7 -8 9 -10 11 12 -13 14 15 -16 -17 -18 19 20 -21 22 23 24 25 -26 27 28 29 -30 31 -32 -33 -34 -35 -36 37 38 39 40 -41 42 43 -44 -45 46 47 48 49 -50 0
uf50-0657 112965 1 2 -3 -4 5 -6 7 -8 -9 -10 11 12 -13 14 15 -16 17 -18 19 20 21 22 23 24 -25 26 27 28 29 30 -31 32 33 -34 -35 36 37 38 39 -40 -41 42 43 44 -45 -46 47 -48 -49 -50 0
uf50-0672 146882 1 2 3 4 5 6 7 8 9 -10 -11 12 13 14 -15 -16 17 18 -19 -20 -21 22 -23 24 -25 26 27 -28 29 30 -31 32 33 -34 35 36 -37 -38 -39 -40 -41 42 -43 44 45 46 -47 48 49 50 0
uf50-0686 74536 -1 -2 3 -4 -5 -6 -7 8 9 -10 -11 -12 13 -14 15 16 -17 -18 -19 -20 -21 -22 23 -24 -25 26 27 -28 29 -30 -31 -32 33 34 35 -36 -37 38 -39 -40 41 -42 43 -44 45 -46 47 48 -49 -50 0
uf50-0690 124476 1 -2 3 4 -5 -6 -7 8 -9 10 -11 12 13 14 -15 16 17 18 -19 -20 21 -22 23 -24 25 26 27 -28 29 -30 -31 -32 -33 34 35 -36 -37 38 -39 40 -41 42 -43 -44 45 46 -47 48 49 -50 0
uf50-0695 120886 1 -2 3 -4 5 6 7 -8 -9 -10 11 -12 13 14 15 16 17 -18 -19 -20 -21 -22 23 24 -25 -26 27 -28 -29 -30 31 32 33 34 35 36 37 -38 39 -40 41 42 -43 44 -45 46 47 48 49 50 0
uf50-0703 130798 1 -2 3 4 5 6 -7 8 9 10 -11 -12 13 -14 -15 16 17 18 -19 20 -21 22 -23 -24 -25 26 27 -28 -29 30 -31 32 33 34 -35 -36 37 38 39 40 41 42 43 -44 45 46 -47 -48 49 50 0
uf50-0712 115731 1 2 -3 -4 -5 6 -7 -8 9 -10 -11 12 -13 -14 15 16 17 18 -19 -20 -21 22 23 24 25 26 27 -28 -29 30 31 -32 33 34 35 36 -37 -38 39 -40 41 42 43 44 -45 46 47 48 49 -50 0
uf50-0724 119395 1 2 3 -4 -5 -6 -7 -8 9 10 -11 12 -13 14 -15 16 17 -18 -19 20 21 -22 23 24 25 26 27 -28 29 30 31 32 -33 -34 -35 36 37 38 -39 40 41 42 43 44 -45 46 47 -48 49 50 0
uf50-0732 138533 1 -2 -3 4 -5 -6 -7 -8 9 10 -11 12 -13 14 -15 16 -17 -18 19 20 21 22 23 -24 25 26 27 28 29 30 -31 -32 33 34 35 36 37 38 -39 -40 41 42 43 -44 45 46 -47 -48 49 50 0
uf50-073 121157 -1 -2 3 -4 5 -6 7 8 9 -10 -11 -12 13 -14 15 -16 -17 -18 19 20 -21 -22 -23 -24 25 26 27 28 -29 -30 31 -32 33 -34 35 -36 37 38 39 -40 41 42 43 -44 45 46 47 48 49 -50 0
uf50-0746 125012 -1 2 3 4 5 6 7 8 9 10 11 12 -13 14 15 16 -17 -18 19 -20 -21 22 23 -24 -25 26 27 -28 -29 30 31 32 -33 34 35 -36 -37 -38 -39 40 -41 42 43 44 45 -46 47 48 49 50 0
uf50-0778 94870 -1 2 3 4 5 6 -7 -8 -9 10 11 12 -13 14 15 16 -17 -18 19 20 21 22 23 -24 -25 -26 -27 -28 -29 30 -31 -32 -33 34 -35 36 -37 -38 -39 40 -41 -42 -43 44 45 46 -47 -48 -49 50 0
uf50-0779 127823 1 2 -3 4 -5 6 7 8 9 -10 11 -12 13 14 15 -16 17 18 -19 20 21 -22 -23 24 -25 26 -27 -28 -29 30 31 -32 -33 34 -35 -36 37 38 -39 40 -41 42 43 44 45 46 -47 48 49 -50 0
uf50-0786 122186 1 -2 -3 -4 -5 6 -7 -8 -9 -10 11 -12 -13 14 15 16 17 18 19 -20 21 22 23 -24 25 26 -27 28 29 30 -31 32 33 34 -35 36 37 38 -39 40 41 -42 -43 -44 45 46 47 48 49 -50 0
uf50-0799 129454 -1 2 3 4 -5 6 -7 8 9 10 -11 -12 -13 14 15 16 -17 -18 19 -20 -21 22 23 24 25 26 27 -28 -29 30 31 -32 -33 -34 35 36 -37 38 39 -40 41 42 -43 -44 45 -46 47 48 -49 -50 0
uf50-0810 115513 1 -2 3 -4 5 -6 7 8 9 10 -11 12 13 -14 15 -16 -17 -18 19 20 21 -22 -23 24 25 -26 -27 28 29 -30 31 -32 -33 -34 35 -36 37 38 -39 -40 -41 -42 43 -44 -45 46 -47 48 -49 50 0
uf50-0819 114520 1 -2 3 -4 -5 -6 -7 -8 -9 -10 -11 12 13 14 15 -16 -17 18 19 20 21 22 23 -24 -25 26 -27 -28 29 30 -31 32 -33 34 35 36 -37 -38 39 -40 -41 42 43 -44 -45 46 47 48 -49 50 0
uf50-0820 128085 -1 2 3 -4 5 6 -7 -8 9 -10 -11 -12 13 14 15 16 -17 18 19 20 21 22 23 -24 25 -26 27 28 29 -30 -31 32 -33 34 35 36 -37 38 -39 40 41 -42 -43 -44 -45 -46 47 48 -49 50 0
uf50-0822 119687 1 -2 -3 -4 -5 -6 -7 -8 9 10 -11 12 13 -14 15 16 17 18 -19 20 21 22 23 24 -25 26 27 -28 -29 30 31 -32 33 34 -35 36 -37 38 39 40 41 42 43 44 -45 46 -47 48 49 50 0
uf50-0824 115598 1 -2 3 4 5 6 -7 -8 9 10 11 12 -13 14 -15 -16 17 18 -19 20 -21 22 -23 24 25 -26 27 -28 29 -30 31 32 33 34 -35 -36 -37 -38 39 -40 -41 42 43 44 45 -46 47 48 -49 50 0
uf50-0844 102070 1 2 -3 -4 -5 -6 7 -8 9 -10 11 -12 -13 -14 15 -16 -17 18 -19 -20 21 22 23 -24 25 26 -27 -28 29 30 31 32 -33 -34 35 -36 37 -38 -39 -40 41 42 -43 -44 45 -46 -47 -48 -49 -50 0
uf50-0857 133603 1 -2 -3 -4 -5 -6 -7 -8 9 10 11 12 -13 14 -15 -16 17 -18 -19 20 -21 22 23 24 -25 -26 -27 28 29 30 -31 32 33 34 35 36 -37 38 39 -40 41 -42 43 44 45 46 47 -48 49 50 0
uf50-0863 109539 -1 -2 -3 -4 -5 6 7 -8 9 -10 11 12 13 -14 15 -16 -17 -18 19 -20 -21 22 -23 -24 25 26 27 28 29 30 -31 32 33 -34 -35 -36 -37 -38 39 40 -41 42 43 44 -45 -46 47 -48 -49 -50 0
uf50-0880 106975 -1 -2 3 -4 -5 -6 7 -8 -9 10 11 12 -13 -14 -15 -16 17 18 -19 20 -21 22 23 -24 25 -26 27 -28 -29 -30 -31 32 33 34 35 -36 -37 38 39 -40 -41 42 -43 -44 45 -46 47 48 49 50 0
uf50-0893 76663 -1 2 -3 -4 -5 -6 -7 -8 9 10 11 12 -13 -14 -15 -16 -17 -18 19 -20 21 22 -23 24 25 26 -27 28 29 -30 -31 -32 33 -34 -35 36 -37 -38 -39 -40 -41 42 43 -44 -45 -46 47 48 -49 -50 0
uf50-0903 102071 1 -2 3 4 -5 -6 -7 -8 -9 -10 -11 -12 13 -14 -15 16 17 -18 -19 20 21 22 -23 -24 -25 26 27 -28 29 -30 31 32 33 -34 -35 36 -37 -38 -39 -40 -41 -42 43 44 45 46 47 -48 -49 50 0
uf50-0911 110442 -1 2 3 4 5 -6 -7 8 9 10 -11 12 -13 -14 15 16 17 -18 -19 -20 21 22 -23 24 25 -26 -27 28 29 -30 31 32 33 -34 -35 -36 37 -38 -39 -40 -41 42 -43 -44 45 46 -47 48 49 -50 0
uf50-0915 127544 1 -2 3 4 5 6 7 8 9 10 11 -12 13 14 -15 16 -17 -18 -19 20 -21 22 23 -24 25 26 27 -28 29 30 -31 -32 -33 34 35 -36 37 38 39 40 41 42 43 44 -45 46 47 -48 -49 50 0
uf50-0925 119208 1 2 3 4 -5 6 7 8 -9 -10 11 12 13 14 -15 -16 -17 18 -19 20 21 22 23 24 -25 -26 27 28 29 -30 31 -32 33 -34 -35 36 -37 -38 39 40 -41 42 43 -44 45 46 -47 48 49 50 0
uf50-0941 139411 -1 2 -3 4 5 6 7 8 9 10 -11 -12 -13 14 15 -16 17 -18 19 20 -21 22 23 -24 -25 26 27 -28 29 -30 -31 32 -33 34 -35 -36 37 38 -39 40 -41 42 43 44 45 46 47 -48 -49 -50 0
uf50-0945 131945 -1 2 -3 4 5 6 -7 8 -9 -10 11 12 13 -14 15 16 17 -18 -19 20 -21 22 -23 24 -25 -26 -27 -28 29 -30 -31 -32 33 34 35 -36 -37 38 39 40 41 42 -43 44 -45 -46 47 48 49 50 0
uf50-0971 136949 -1 -2 3 4 5 6 7 8 9 10 11 12 13 -14 15 -16 17 -18 -19 20 -21 22 -23 -24 -25 26 27 28 -29 30 31 -32 33 -34 35 36 37 -38 39 40 -41 -42 43 -44 45 46 -47 48 49 50 0
uf50-0973 113052 1 -2 -3 4 5 -6 7 -8 9 -10 -11 -12 13 -14 15 16 17 18 -19 20 21 22 -23 24 -25 -26 27 28 -29 30 31 32 -33 -34 35 36 -37 38 -39 -40 41 -42 -43 44 -45 -46 47 48 -49 -50 0
uf50-098 94107 -1 -2 3 4 5 -6 -7 8 -9 10 -11 12 -13 -14 15 -16 -17 -18 19 -20 21 22 23 24 -25 26 -27 28 -29 30 -31 -32 -33 34 -35 36 -37 38 39 -40 -41 42 -43 44 45 46 47 48 49 -50 0
uf50-0996 106170 1 2 -3 4 -5 6 -7 8 -9 10 -11 12 -13 -14 15 -16 17 18 19 -20 -21 -22 23 24 -25 -26 27 28 -29 30 31 -32 33 34 35 -36 37 -38 39 -40 41 42 -43 44 -45 -46 -47 -48 -49 -50 0
