uf50-0102 35385 1 -2 3 4 5 6 7 -8 -9 10 11 -12 -13 -14 15 -16 -17 -18 -19 -20 21 -22 23 -24 25 -26 -27 -28 29 -30 31 32 -33 34 -35 36 -37 -38 -39 40 -41 42 43 -44 45 46 47 -48 49 50 0
uf50-0107 15574 -1 2 3 4 -5 -6 7 -8 9 10 11 -12 13 -14 15 16 -17 18 -19 -20 21 22 -23 -24 25 -26 27 -28 -29 30 -31 -32 33 34 35 -36 37 -38 -39 -40 -41 42 43 -44 -45 -46 47 48 49 50 0
uf50-0110 53730 -1 2 -3 4 5 6 -7 -8 9 -10 11 -12 -13 -14 -15 -16 -17 -18 19 20 -21 22 23 24 25 -26 -27 28 29 -30 31 32 -33 -34 35 36 37 38 -39 -40 41 -42 -43 44 45 46 47 48 49 -50 0
uf50-0125 14864 -1 -2 -3 4 -5 -6 7 -8 9 10 11 12 13 -14 -15 16 17 18 -19 20 -21 -22 -23 -24 25 26 27 -28 -29 -30 31 32 33 34 35 -36 37 38 39 -40 -41 42 -43 44 45 -46 47 -48 -49 -50 0
uf50-0131 92692 1 -2 3 4 -5 -6 7 8 -9 -10 11 -12 13 -14 15 -16 17 18 19 20 -21 -22 23 24 25 26 -27 -28 29 -30 31 32 -33 -34 35 -36 -37 38 39 -40 41 42 -43 44 45 -46 -47 48 49 50 0
uf50-0138 68691 -1 2 3 -4 5 6 7 -8 -9 -10 11 12 13 14 15 16 17 -18 19 -20 -21 22 23 -24 25 26 -27 -28 -29 30 31 32 -33 -34 35 36 37 -38 -39 40 -41 -42 43 -44 45 46 -47 -48 -49 50 0
uf50-013 47334 -1 -2 3 4 5 -6 7 -8 -9 -10 11 -12 -13 14 15 16 17 18 -19 -20 -21 22 23 -24 -25 26 27 -28 -29 30 31 32 -33 34 35 -36 37 -38 39 40 -41 42 -43 -44 45 46 47 48 49 50 0
uf50-0151 11687 -1 2 -3 4 -5 -6 -7 -8 -9 -10 -11 -12 13 -14 15 16 17 18 19 20 -21 22 -23 -24 25 26 -27 28 29 30 31 32 -33 34 -35 36 37 -38 39 -40 41 -42 -43 -44 45 46 47 -48 49 50 0
uf50-0188 101483 1 -2 3 4 5 -6 -7 -8 -9 10 -11 12 -13 -14 15 -16 17 -18 19 20 21 -22 23 -24 25 -26 27 28 29 30 31 -32 -33 34 -35 -36 37 -38 39 40 -41 42 43 44 -45 46 -47 48 49 50 0
uf50-0194 3913 -1 -2 -3 -4 5 -6 7 -8 9 -10 11 -12 13 -14 15 16 -17 -18 -19 -20 21 22 -23 24 25 26 -27 -28 -29 30 31 -32 33 34 35 -36 37 38 -39 40 41 42 43 44 45 -46 -47 48 -49 -50 0
uf50-0196 95330 1 -2 -3 4 5 6 -7 8 9 10 11 12 -13 -14 15 16 -17 -18 19 -20 -21 -22 -23 -24 -25 26 27 28 29 -30 -31 -32 33 34 35 -36 37 -38 39 40 -41 42 -43 44 -45 -46 47 48 49 50 0
uf50-0210 105672 -1 2 -3 4 5 -6 -7 -8 9 10 -11 12 13 14 15 -16 17 18 19 20 -21 -22 23 24 25 -26 -27 28 29 -30 -31 -32 -33 -34 -35 -36 37 38 -39 -40 -41 -42 -43 -44 -45 46 -47 -48 49 -50 0
uf50-0214 35449 -1 -2 -3 -4 5 6 -7 8 9 10 11 12 13 14 15 -16 17 -18 19 -20 -21 -22 -23 24 -25 26 -27 -28 -29 30 31 32 -33 34 35 36 -37 -38 39 40 41 -42 -43 -44 45 46 47 -48 49 -50 0
uf50-0215 28696 1 2 3 4 5 -6 -7 8 9 10 -11 12 -13 14 -15 -16 17 -18 19 -20 -21 22 23 24 25 26 27 -28 -29 30 31 32 33 34 35 36 37 -38 -39 40 41 42 -43 44 45 46 47 48 -49 -50 0
uf50-0237 82543 1 -2 -3 -4 5 -6 7 8 9 -10 -11 -12 -13 14 15 -16 17 18 19 -20 21 -22 -23 24 -25 -26 27 28 29 30 -31 32 -33 34 -35 36 -37 38 -39 40 41 -42 -43 44 45 46 -47 -48 49 50 0
uf50-0239 87678 -1 -2 3 4 5 6 -7 8 -9 -10 11 12 -13 -14 -15 -16 17 18 19 20 21 -22 -23 -24 25 -26 -27 28 29 30 31 32 33 -34 -35 36 37 38 39 40 -41 42 -43 -44 45 -46 -47 -48 -49 -50 0
uf50-0240 15576 -1 2 3 -4 -5 6 -7 8 -9 -10 11 12 13 14 15 -16 -17 -18 19 20 -21 22 -23 24 25 -26 27 28 -29 -30 31 -32 -33 34 -35 36 37 -38 39 -40 41 42 43 44 -45 -46 47 -48 49 50 0
uf50-0242 88493 1 2 3 -4 -5 -6 -7 -8 9 10 11 -12 13 14 15 16 17 -18 19 20 21 -22 -23 -24 -25 26 27 28 -29 30 -31 32 -33 34 35 36 37 -38 -39 40 -41 -42 43 -44 45 46 47 48 -49 50 0
uf50-0245 29829 1 2 3 -4 -5 -6 7 -8 -9 10 11 12 13 14 15 16 17 18 19 20 -21 22 -23 -24 -25 26 -27 -28 29 30 -31 32 33 -34 -35 36 -37 -38 39 40 41 42 43 -44 45 46 47 48 49 50 0
uf50-0269 84544 -1 2 -3 -4 5 6 -7 -8 -9 -10 11 12 13 14 15 16 -17 18 -19 20 21 22 23 24 25 26 27 -28 -29 30 -31 32 33 34 35 -36 -37 38 -39 40 41 42 -43 -44 45 46 47 48 49 50 0
uf50-0283 58785 1 -2 -3 4 5 6 -7 8 9 10 11 12 13 14 15 16 17 -18 -19 20 -21 22 23 -24 -25 26 -27 28 -29 30 -31 32 33 -34 35 36 37 -38 39 40 41 -42 43 -44 -45 46 -47 48 49 50 0
uf50-0286 15572 1 2 -3 4 -5 -6 -7 -8 9 -10 11 -12 -13 14 15 -16 17 18 19 -20 21 -22 -23 24 25 -26 -27 -28 -29 30 -31 -32 33 34 35 -36 -37 38 39 -40 41 42 43 -44 -45 46 47 48 -49 -50 0
uf50-0297 23352 1 2 3 -4 5 6 -7 8 -9 10 11 12 -13 -14 15 16 -17 -18 19 20 -21 22 23 24 25 -26 -27 28 -29 -30 31 32 33 -34 -35 36 37 38 -39 -40 41 42 43 44 45 -46 47 48 -49 50 0
uf50-0299 71588 1 2 3 4 5 -6 7 8 9 10 11 12 -13 -14 15 16 -17 -18 -19 20 -21 22 23 24 25 26 -27 -28 -29 -30 -31 -32 33 -34 35 36 -37 38 -39 -40 41 42 43 44 45 -46 47 48 49 50 0
uf50-0301 19464 -1 2 3 4 -5 6 7 -8 9 10 -11 -12 13 -14 15 -16 17 18 19 20 -21 22 23 24 -25 26 -27 28 -29 -30 31 32 -33 34 -35 -36 -37 38 39 40 41 -42 43 -44 45 46 -47 -48 49 50 0
uf50-0311 7809 1 2 3 4 5 6 7 8 9 10 -11 12 13 -14 15 -16 -17 18 -19 20 -21 -22 -23 24 25 26 27 28 -29 30 31 32 -33 34 35 36 -37 38 -39 40 41 -42 43 44 45 46 -47 48 49 -50 0
uf50-0320 105427 1 2 -3 4 -5 -6 7 -8 -9 10 -11 12 -13 14 -15 -16 17 -18 19 -20 21 22 23 24 25 -26 27 28 -29 30 -31 32 33 -34 35 -36 -37 -38 -39 40 41 42 -43 -44 45 -46 47 -48 49 -50 0
uf50-0323 35010 -1 -2 3 -4 5 6 7 -8 -9 10 11 12 -13 -14 15 16 17 18 19 20 21 -22 -23 24 -25 -26 27 -28 29 30 -31 32 33 34 -35 -36 -37 38 -39 -40 41 -42 -43 -44 45 -46 -47 48 49 50 0
uf50-0326 73873 -1 2 3 4 5 6 -7 -8 9 10 -11 -12 -13 14 -15 16 -17 18 19 20 21 -22 23 24 -25 26 -27 28 -29 -30 31 -32 -33 -34 35 36 37 -38 -39 40 -41 42 43 -44 -45 46 47 48 -49 -50 0
uf50-0345 9096 -1 2 3 4 5 6 7 -8 -9 -10 11 -12 13 14 -15 16 -17 18 19 -20 21 22 23 24 25 26 -27 28 29 -30 31 -32 -33 -34 35 36 37 -38 -39 -40 -41 -42 -43 44 45 46 -47 -48 -49 -50 0
uf50-0346 11691 1 2 3 -4 5 6 7 8 -9 10 11 -12 13 14 15 16 17 18 -19 -20 -21 22 -23 -24 25 26 27 28 29 -30 -31 -32 33 -34 -35 -36 37 -38 39 40 41 -42 43 -44 -45 -46 47 48 49 50 0
uf50-0347 15576 -1 -2 3 -4 5 6 7 -8 9 10 -11 12 -13 14 15 16 17 18 -19 -20 21 22 -23 24 25 26 27 28 29 -30 31 32 -33 34 -35 -36 37 -38 -39 -40 -41 -42 -43 44 -45 46 -47 48 49 -50 0
uf50-0352 11688 -1 -2 -3 -4 5 6 7 8 9 10 11 12 -13 -14 15 -16 17 18 -19 -20 21 -22 23 24 -25 -26 27 28 29 -30 31 -32 -33 34 35 36 37 -38 -39 40 41 -42 -43 -44 -45 -46 47 48 49 -50 0
uf50-0355 13628 -1 2 -3 -4 -5 6 -7 -8 -9 10 11 12 13 14 -15 -16 -17 -18 -19 20 21 -22 -23 24 25 26 27 -28 -29 -30 -31 32 -33 34 35 36 -37 -38 -39 40 -41 42 43 -44 45 46 47 -48 -49 50 0
uf50-0366 15574 -1 -2 3 4 5 6 7 8 -9 -10 11 -12 -13 -14 15 -16 -17 18 -19 -20 21 -22 -23 24 25 -26 27 -28 -29 30 31 -32 33 -34 35 36 37 38 -39 40 41 42 43 -44 -45 -46 -47 48 -49 50 0
uf50-0369 7796 1 -2 3 4 5 6 -7 -8 -9 10 11 -12 -13 -14 15 -16 -17 18 -19 -20 21 -22 -23 -24 25 26 -27 -28 29 -30 31 -32 33 -34 -35 -36 -37 -38 -39 40 -41 42 -43 44 -45 46 -47 48 49 50 0
uf50-0373 45272 1 -2 3 -4 -5 -6 -7 -8 -9 10 -11 -12 -13 14 15 16 17 18 19 -20 21 -22 23 -24 25 -26 -27 28 -29 -30 31 -32 33 -34 35 36 37 38 -39 -40 -41 42 43 44 -45 46 -47 -48 49 50 0
uf50-0379 90513 -1 2 -3 4 5 6 7 -8 -9 10 -11 -12 -13 14 -15 -16 -17 18 -19 -20 -21 22 23 -24 -25 26 -27 -28 29 30 -31 32 -33 -34 35 36 37 38 39 -40 41 -42 43 44 45 46 47 48 49 50 0
uf50-0416 61183 1 -2 -3 -4 -5 -6 7 8 -9 10 11 -12 13 14 15 16 -17 18 19 20 -21 -22 23 24 25 26 -27 -28 29 -30 -31 -32 33 -34 -35 -36 37 -38 39 40 41 -42 -43 -44 -45 46 47 48 -49 -50 0
uf50-0422 19467 1 2 3 -4 -5 6 7 -8 -9 10 -11 12 13 14 -15 16 17 18 19 -20 -21 22 23 24 -25 26 27 28 -29 30 31 32 -33 34 -35 -36 -37 -38 39 40 41 42 43 44 45 -46 47 48 49 50 0
uf50-0443 21013 1 2 3 -4 5 6 -7 -8 -9 10 11 12 -13 14 -15 -16 -17 18 19 -20 21 -22 23 24 25 26 -27 28 -29 -30 31 32 33 -34 -35 36 37 -38 -39 -40 -41 -42 -43 44 -45 -46 -47 -48 49 50 0
uf50-0447 30 -1 -2 3 4 5 -6 7 8 -9 10 -11 12 13 14 -15 16 17 18 19 20 -21 -22 -23 24 -25 26 27 28 -29 -30 31 32 -33 34 35 36 -37 38 39 -40 -41 42 43 44 -45 -46 47 -48 -49 50 0
uf50-0449 45301 -1 -2 3 -4 5 6 7 -8 -9 -10 -11 12 -13 -14 -15 16 -17 18 19 20 21 22 -23 24 -25 26 -27 -28 29 30 -31 -32 -33 34 35 36 37 38 39 -40 41 42 43 44 -45 46 -47 48 49 50 0
uf50-0451 23346 -1 2 -3 -4 -5 6 -7 8 9 -10 -11 12 -13 14 15 -16 17 -18 19 -20 21 22 -23 24 -25 26 27 28 -29 -30 31 32 -33 34 -35 36 -37 -38 39 40 41 42 -43 -44 -45 46 -47 48 49 -50 0
uf50-0460 28933 1 2 3 -4 5 -6 -7 -8 9 10 -11 -12 13 14 -15 16 17 -18 19 -20 -21 22 23 -24 25 -26 27 28 29 30 -31 32 -33 -34 35 -36 -37 -38 39 40 41 42 -43 -44 -45 46 -47 48 -49 -50 0
uf50-0466 28793 1 -2 -3 -4 5 6 -7 8 -9 10 -11 12 -13 14 -15 16 17 -18 19 -20 21 -22 -23 -24 25 26 27 -28 29 30 31 32 33 34 35 36 37 38 39 -40 -41 42 -43 44 45 46 47 48 49 -50 0
uf50-0472 73603 1 -2 3 -4 -5 6 7 8 -9 10 -11 12 13 -14 15 -16 17 18 19 -20 -21 -22 23 -24 25 -26 -27 28 -29 -30 31 -32 -33 -34 -35 -36 37 -38 39 -40 41 42 43 -44 -45 -46 -47 48 49 50 0
uf50-0496 69982 1 2 -3 -4 -5 -6 -7 -8 -9 -10 11 12 -13 14 15 -16 17 -18 19 -20 21 -22 23 -24 25 26 -27 28 -29 30 -31 32 -33 -34 35 -36 37 38 39 -40 -41 42 -43 44 45 -46 47 -48 -49 -50 0
uf50-0500 9096 1 2 -3 4 5 6 -7 8 9 10 11 12 13 14 15 16 -17 -18 -19 -20 21 -22 23 -24 -25 -26 -27 -28 -29 -30 -31 -32 -33 34 35 36 37 38 -39 -40 -41 -42 43 -44 45 46 47 48 49 -50 0
uf50-0502 12986 -1 2 3 -4 -5 6 7 8 -9 10 11 -12 13 14 15 -16 17 18 -19 20 -21 22 23 24 25 -26 27 28 -29 -30 31 32 33 -34 35 36 37 -38 39 -40 41 -42 -43 -44 45 46 -47 -48 49 -50 0
uf50-050 24318 -1 2 -3 4 -5 -6 7 -8 9 10 11 12 13 14 -15 16 -17 -18 -19 -20 21 -22 23 24 25 -26 -27 -28 29 30 -31 32 -33 34 -35 -36 37 -38 -39 -40 41 42 -43 44 45 -46 47 -48 49 50 0
uf50-0522 24105 1 2 3 -4 5 6 7 8 9 -10 -11 12 13 14 15 16 17 18 19 20 21 -22 -23 24 25 26 -27 -28 29 30 -31 -32 33 34 -35 -36 37 38 39 -40 -41 42 43 -44 -45 -46 47 48 -49 50 0
uf50-0537 86236 -1 2 -3 -4 -5 6 7 8 -9 10 -11 -12 -13 -14 15 16 17 18 -19 -20 21 22 23 -24 -25 26 27 -28 -29 30 31 -32 33 34 35 36 37 38 39 40 41 42 43 44 -45 -46 47 -48 -49 -50 0
uf50-0538 79205 1 -2 3 4 5 6 7 8 9 10 -11 12 13 14 15 -16 17 18 19 20 21 22 23 -24 25 26 -27 -28 -29 30 -31 32 33 34 -35 -36 -37 -38 -39 -40 41 42 -43 44 45 -46 -47 -48 49 -50 0
uf50-0549 69754 -1 2 3 4 5 6 7 -8 9 10 -11 12 13 -14 15 -16 -17 18 19 -20 21 -22 -23 24 25 -26 27 28 -29 30 31 -32 33 34 -35 36 37 -38 -39 -40 41 42 -43 44 45 46 47 -48 49 -50 0
uf50-0564 71593 1 2 -3 4 -5 6 7 8 -9 -10 11 12 -13 -14 15 16 -17 18 -19 20 -21 22 23 -24 -25 26 27 28 29 30 -31 32 33 34 -35 36 37 38 -39 -40 41 -42 43 44 -45 46 -47 48 -49 50 0
uf50-0579 48696 -1 -2 -3 4 -5 6 -7 8 9 -10 -11 -12 13 -14 15 16 17 18 19 20 21 -22 23 -24 -25 -26 27 -28 -29 30 31 32 -33 34 35 36 37 38 -39 -40 -41 42 -43 44 -45 -46 47 -48 49 -50 0
uf50-0583 11685 -1 -2 -3 -4 5 6 7 -8 -9 10 11 12 -13 14 -15 16 -17 -18 19 20 21 22 -23 -24 -25 -26 27 28 29 30 31 32 -33 -34 35 36 -37 -38 39 40 -41 42 -43 -44 -45 -46 -47 48 -49 50 0
uf50-0585 29629 1 -2 -3 4 5 6 7 8 -9 10 11 -12 -13 14 -15 -16 -17 -18 -19 20 21 -22 -23 -24 -25 -26 27 -28 -29 30 31 32 33 -34 35 36 -37 38 39 -40 41 42 43 -44 45 46 47 48 49 -50 0
uf50-0599 87990 -1 -2 3 4 -5 6 7 8 9 10 -11 12 13 14 15 16 17 18 19 -20 -21 -22 -23 -24 25 -26 27 28 -29 -30 31 32 -33 -34 35 36 -37 -38 -39 40 41 42 -43 -44 -45 -46 -47 -48 49 50 0
uf50-061 16685 1 2 -3 -4 5 6 7 -8 9 -10 11 12 13 -14 15 16 17 18 -19 -20 21 -22 23 24 -25 -26 27 -28 29 -30 31 -32 -33 34 35 36 37 -38 -39 -40 41 -42 -43 44 45 -46 47 48 -49 -50 0
uf50-063 20318 -1 -2 -3 -4 5 -6 7 8 9 10 -11 12 -13 -14 15 -16 -17 18 -19 -20 -21 22 -23 -24 -25 26 27 28 29 -30 31 -32 33 34 -35 36 37 38 -39 -40 -41 -42 -43 44 -45 46 47 -48 -49 -50 0
uf50-0644 87598 1 -2 -3 4 5 -6 7 8 9 10 11 12 -13 14 15 16 17 -18 19 -20 21 22 -23 -24 -25 -26 -27 -28 29 30 31 32 33 34 35 -36 -37 38 -39 40 41 42 43 44 -45 46 -47 48 -49 50 0
uf50-0652 16489 1 -2 -3 -4 -5 -6 7 -8 9 10 11 12 13 14 15 16 -17 18 19 -20 21 22 23 24 -25 26 27 -28 29 -30 31 32 -33 34 -35 36 -37 38 -39 40 -41 42 43 -44 45 -46 -47 48 -49 -50 0
uf50-0653 89844 -1 2 3 4 -5 6 -7 8 9 -10 -11 12 -13 -14 -15 16 -17 -18 -19 20 -21 22 23 24 25 -26 27 28 29 -30 -31 -32 33 -34 35 36 -37 38 39 -40 41 42 43 44 45 46 47 48 -49 -50 0
uf50-0657 62807 -1 2 -3 4 5 -6 7 -8 -9 -10 11 12 -13 14 -15 -16 17 18 19 20 21 22 -23 24 25 26 -27 28 29 30 -31 -32 33 34 -35 36 37 38 39 -40 41 -42 -43 44 -45 -46 47 -48 -49 -50 0
uf50-0672 11692 1 2 3 4 5 6 7 8 9 -10 -11 12 13 14 -15 -16 17 18 -19 -20 -21 22 -23 24 -25 26 27 -28 29 30 -31 32 33 -34 35 36 -37 -38 -39 -40 -41 42 -43 44 45 46 -47 48 49 50 0
uf50-0686 107942 1 -2 3 -4 -5 6 -7 8 9 -10 -11 -12 -13 -14 -15 16 -17 -18 -19 20 21 22 23 24 25 26 27 -28 29 30 31 -32 33 -34 35 -36 37 38 -39 40 41 42 43 44 45 -46 -47 -48 -49 -50 0
uf50-0690 7800 1 -2 3 4 -5 -6 -7 8 -9 10 -11 12 13 14 -15 16 17 18 -19 -20 21 -22 23 -24 25 26 27 -28 29 -30 -31 -32 -33 34 35 -36 -37 38 -39 40 -41 42 -43 -44 45 46 -47 48 49 -50 0
uf50-0695 68279 1 2 3 4 -5 6 7 -8 -9 10 11 -12 13 14 15 -16 17 18 19 -20 -21 22 23 -24 -25 26 27 -28 -29 -30 31 32 -33 34 -35 36 37 -38 -39 40 41 42 -43 44 45 -46 47 48 -49 -50 0
uf50-0703 42642 -1 -2 3 4 5 6 -7 8 9 10 -11 -12 13 14 -15 16 17 18 -19 -20 -21 22 -23 24 -25 26 -27 -28 -29 30 -31 32 33 34 35 -36 37 38 39 40 41 -42 43 -44 45 46 -47 -48 49 50 0
uf50-0712 52552 1 2 -3 -4 -5 6 -7 -8 9 -10 -11 12 -13 -14 15 16 17 18 -19 -20 -21 22 23 24 25 26 27 -28 -29 30 31 -32 33 34 35 36 -37 -38 39 -40 41 42 43 44 -45 46 47 48 49 -50 0
uf50-0724 70768 1 2 3 -4 5 -6 -7 -8 9 10 -11 12 13 14 -15 16 17 -18 -19 -20 21 22 -23 -24 25 26 27 -28 29 30 31 32 -33 -34 -35 -36 37 38 -39 40 41 42 43 44 -45 46 47 -48 49 -50 0
uf50-0732 29064 1 -2 -3 4 -5 -6 -7 -8 9 10 -11 12 -13 14 -15 16 -17 -18 19 20 21 22 23 -24 25 26 27 28 29 30 31 -32 33 34 35 36 37 38 -39 -40 -41 42 43 -44 45 46 -47 -48 49 50 0
uf50-073 20757 -1 -2 3 -4 5 -6 7 8 9 -10 -11 -12 13 -14 15 -16 -17 -18 19 20 -21 -22 -23 -24 25 26 27 28 -29 -30 31 -32 33 -34 35 -36 37 38 39 -40 41 42 43 -44 45 46 47 48 49 -50 0
uf50-0746 113877 1 -2 3 -4 -5 6 7 -8 9 10 11 -12 13 14 15 16 17 18 19 -20 21 22 23 24 25 -26 27 28 29 -30 -31 32 -33 34 35 36 -37 38 -39 40 -41 42 -43 -44 45 46 47 48 49 50 0
uf50-0778 94774 1 2 3 -4 5 6 7 8 -9 10 -11 12 13 -14 -15 -16 -17 -18 19 20 21 -22 23 24 -25 -26 -27 28 29 30 -31 -32 -33 34 -35 36 37 38 39 40 41 42 43 -44 45 46 -47 48 -49 -50 0
uf50-0779 53514 1 -2 -3 4 -5 -6 7 -8 -9 10 -11 -12 -13 -14 15 -16 17 18 19 20 -21 22 23 24 -25 26 -27 -28 -29 -30 31 -32 -33 34 -35 -36 -37 38 39 -40 -41 42 -43 44 45 -46 -47 48 49 -50 0
uf50-0786 94549 1 2 -3 4 -5 6 7 -8 9 -10 11 -12 13 14 15 -16 17 18 19 20 21 22 23 -24 -25 -26 27 -28 -29 -30 -31 32 33 -34 35 -36 37 -38 39 40 41 -42 -43 -44 -45 46 47 -48 -49 50 0
uf50-0799 15574 -1 2 3 4 -5 6 -7 8 9 10 -11 -12 -13 14 15 16 -17 -18 19 -20 -21 22 23 24 25 26 27 -28 -29 30 31 -32 -33 -34 35 36 -37 38 39 -40 41 42 -43 -44 45 -46 47 48 -49 -50 0
uf50-0810 17904 1 -2 3 -4 5 -6 7 8 9 10 -11 12 13 -14 15 -16 -17 18 -19 20 21 -22 -23 24 25 -26 -27 28 29 -30 31 -32 -33 -34 35 -36 37 38 -39 -40 -41 -42 43 -44 -45 46 -47 48 -49 50 0
uf50-0819 23348 1 -2 3 -4 -5 -6 -7 -8 -9 -10 -11 12 13 14 15 -16 -17 18 19 20 21 22 23 -24 -25 26 -27 -28 29 30 -31 32 -33 34 35 36 -37 -38 39 -40 -41 42 43 -44 -45 46 47 48 -49 50 0
uf50-0820 62205 -1 -2 -3 4 5 6 -7 -8 -9 10 11 -12 13 -14 15 -16 -17 -18 -19 20 -21 22 23 -24 -25 -26 -27 28 -29 -30 -31 32 -33 34 -35 -36 -37 38 -39 -40 41 42 43 44 45 -46 -47 -48 -49 -50 0
uf50-0822 92893 1 2 3 -4 -5 -6 -7 8 9 -10 11 -12 13 14 -15 16 17 -18 -19 -20 -21 22 23 24 25 26 -27 -28 -29 30 31 -32 33 34 -35 36 -37 38 39 40 -41 42 43 44 45 46 -47 -48 49 50 0
uf50-0824 75522 1 -2 3 4 5 -6 7 -8 -9 10 11 -12 -13 14 15 16 -17 -18 -19 20 -21 22 -23 24 -25 26 27 -28 29 30 31 -32 33 34 -35 36 -37 -38 39 -40 41 -42 43 44 -45 46 47 48 -49 50 0
uf50-0844 3908 1 2 -3 -4 -5 -6 7 -8 9 -10 11 -12 -13 -14 15 -16 -17 18 -19 -20 21 22 23 -24 25 26 -27 -28 29 30 31 32 -33 -34 35 -36 37 -38 -39 -40 41 42 -43 -44 45 -46 -47 -48 -49 -50 0
uf50-0857 19461 1 -2 -3 -4 -5 -6 -7 -8 -9 10 11 12 -13 -14 -15 -16 17 -18 -19 -20 21 22 23 -24 -25 -26 -27 28 29 30 -31 32 33 34 35 36 -37 38 39 40 41 42 43 44 45 46 47 -48 49 50 0
uf50-0863 7797 -1 -2 -3 -4 -5 6 7 -8 9 -10 11 12 13 -14 15 -16 -17 -18 19 -20 -21 22 -23 -24 25 26 27 28 29 30 -31 32 33 -34 -35 -36 -37 -38 39 40 -41 42 43 44 -45 -46 47 -48 -49 -50 0
uf50-0880 27564 1 -2 3 -4 -5 -6 7 -8 -9 10 11 12 13 -14 -15 -16 17 18 -19 20 -21 22 23 -24 25 -26 27 -28 -29 -30 -31 32 33 34 35 -36 -37 38 39 -40 -41 42 -43 -44 45 -46 -47 48 49 50 0
uf50-0893 94408 1 -2 -3 -4 -5 6 7 -8 9 10 11 -12 13 -14 15 16 -17 -18 19 -20 -21 22 23 24 25 26 27 28 29 -30 31 -32 33 -34 35 -36 -37 -38 -39 -40 -41 42 43 -44 -45 -46 47 48 -49 -50 0
uf50-0903 19457 1 -2 3 4 -5 -6 -7 -8 -9 -10 11 -12 13 -14 -15 -16 17 -18 -19 20 21 22 -23 -24 -25 26 27 -28 29 -30 31 32 33 -34 -35 36 -37 -38 -39 -40 -41 -42 43 44 45 46 47 -48 49 50 0
uf50-0911 68570 1 2 -3 4 5 -6 -7 -8 9 -10 -11 12 -13 14 15 -16 -17 18 -19 -20 21 22 -23 24 25 -26 27 28 29 30 31 -32 33 34 -35 36 -37 38 -39 -40 -41 -42 -43 44 45 -46 47 48 -49 50 0
uf50-0915 65190 1 -2 3 4 5 6 7 8 9 10 11 -12 13 14 -15 16 -17 -18 -19 20 -21 22 23 -24 25 26 27 -28 29 30 -31 -32 -33 34 35 -36 37 38 39 40 41 42 43 44 -45 46 47 -48 -49 50 0
uf50-0925 102196 -1 2 3 4 5 6 7 8 9 -10 -11 12 13 14 -15 16 -17 18 19 -20 -21 22 -23 24 -25 -26 27 28 29 30 31 32 33 34 -35 36 -37 38 -39 40 -41 -42 -43 44 -45 46 47 -48 49 -50 0
uf50-0941 7801 -1 2 -3 4 5 6 7 8 9 10 -11 -12 -13 14 15 -16 17 -18 19 20 -21 22 23 -24 -25 26 27 -28 29 -30 -31 32 -33 34 -35 -36 37 38 -39 40 -41 42 43 44 45 46 47 -48 -49 -50 0
uf50-0945 11689 -1 2 -3 4 5 6 -7 8 -9 -10 11 12 13 -14 15 16 17 -18 -19 20 -21 22 -23 24 -25 -26 -27 -28 29 -30 -31 -32 33 34 35 -36 -37 38 39 40 41 42 -43 44 -45 -46 47 48 49 50 0
uf50-0971 73679 1 -2 3 -4 5 6 7 8 -9 10 11 12 13 -14 15 -16 17 18 -19 20 -21 22 23 -24 -25 26 27 28 29 30 31 32 33 34 35 36 -37 -38 39 40 -41 -42 -43 -44 45 -46 47 -48 49 50 0
uf50-0973 92619 -1 2 -3 -4 -5 -6 7 -8 9 10 -11 -12 13 14 -15 16 17 -18 19 20 21 22 23 24 25 26 -27 28 29 -30 31 32 -33 -34 -35 -36 37 38 -39 -40 41 42 -43 -44 -45 46 -47 -48 -49 50 0
uf50-098 73379 1 -2 -3 -4 -5 -6 7 8 -9 10 -11 12 -13 -14 15 -16 17 -18 19 -20 -21 22 -23 24 -25 26 -27 28 -29 30 -31 -32 33 34 35 36 -37 38 -39 40 41 42 -43 -44 45 -46 47 48 49 -50 0
uf50-0996 29060 1 2 -3 4 -5 6 -7 8 -9 10 -11 12 -13 -14 15 16 17 18 19 -20 -21 -22 23 24 -25 -26 27 28 -29 30 31 -32 33 34 35 -36 37 -38 39 -40 41 -42 -43 44 -45 -46 -47 -48 -49 -50 0
